191.956 5.10884 -195.123 0.28303 -0.447205 -0.175769 0.830064
191.535 5.08944 -194.854 0.282944 -0.447306 -0.175932 0.830005
191.114 5.06992 -194.586 0.282858 -0.447407 -0.176094 0.829945
190.692 5.05025 -194.317 0.282771 -0.447508 -0.176256 0.829886
190.271 5.03046 -194.048 0.282685 -0.447609 -0.176419 0.829826
189.85 5.01052 -193.78 0.282599 -0.44771 -0.176581 0.829767
189.428 4.99046 -193.511 0.282512 -0.447812 -0.176743 0.829707
189.007 4.97026 -193.243 0.282426 -0.447913 -0.176905 0.829647
188.585 4.94993 -192.975 0.28234 -0.448014 -0.177068 0.829587
188.164 4.92946 -192.707 0.282253 -0.448115 -0.17723 0.829528
187.742 4.90886 -192.44 0.282167 -0.448216 -0.177392 0.829468
187.32 4.88812 -192.172 0.28208 -0.448317 -0.177554 0.829408
186.898 4.86725 -191.905 0.281994 -0.448418 -0.177716 0.829348
186.476 4.84624 -191.637 0.281907 -0.448518 -0.177879 0.829288
186.054 4.8251 -191.37 0.281821 -0.448619 -0.178041 0.829228
185.631 4.80383 -191.103 0.281734 -0.44872 -0.178203 0.829168
185.209 4.78242 -190.837 0.281648 -0.448821 -0.178365 0.829108
184.787 4.76088 -190.57 0.281561 -0.448922 -0.178527 0.829048
184.364 4.73921 -190.303 0.281475 -0.449023 -0.17869 0.828988
183.942 4.7174 -190.037 0.281388 -0.449124 -0.178852 0.828927
183.942 4.7174 -190.037 0.281388 -0.449124 -0.178852 0.828927
183.519 4.69545 -189.771 0.281302 -0.449224 -0.179014 0.828867
183.096 4.67337 -189.505 0.281215 -0.449325 -0.179176 0.828807
182.673 4.65116 -189.239 0.281129 -0.449426 -0.179338 0.828747
182.251 4.62882 -188.973 0.281042 -0.449527 -0.1795 0.828686
181.828 4.60634 -188.707 0.280955 -0.449627 -0.179662 0.828626
181.404 4.58372 -188.442 0.280869 -0.449728 -0.179824 0.828565
180.981 4.56097 -188.177 0.280782 -0.449829 -0.179986 0.828505
180.558 4.53809 -187.911 0.280696 -0.449929 -0.180149 0.828444
180.135 4.51507 -187.646 0.280609 -0.45003 -0.180311 0.828384
179.711 4.49192 -187.381 0.280522 -0.45013 -0.180473 0.828323
179.288 4.46864 -187.117 0.280436 -0.450231 -0.180635 0.828263
178.864 4.44522 -186.852 0.280349 -0.450332 -0.180797 0.828202
178.44 4.42166 -186.588 0.280262 -0.450432 -0.180959 0.828141
178.017 4.39798 -186.323 0.280175 -0.450533 -0.181121 0.828081
177.593 4.37415 -186.059 0.280089 -0.450633 -0.181283 0.82802
177.169 4.3502 -185.795 0.280002 -0.450733 -0.181445 0.827959
176.745 4.32611 -185.531 0.279915 -0.450834 -0.181607 0.827898
176.321 4.30188 -185.268 0.279828 -0.450934 -0.181769 0.827837
175.896 4.27753 -185.004 0.279742 -0.451035 -0.181931 0.827776
175.472 4.25303 -184.741 0.279655 -0.451135 -0.182093 0.827715
175.048 4.22841 -184.478 0.279568 -0.451235 -0.182255 0.827654
174.623 4.20365 -184.214 0.279481 -0.451336 -0.182417 0.827593
174.199 4.17875 -183.952 0.279394 -0.451436 -0.182579 0.827532
173.774 4.15373 -183.689 0.279307 -0.451536 -0.182741 0.827471
173.349 4.12856 -183.426 0.279221 -0.451637 -0.182903 0.82741
172.925 4.10327 -183.164 0.279134 -0.451737 -0.183065 0.827349
172.5 4.07784 -182.901 0.279047 -0.451837 -0.183227 0.827287
172.075 4.05227 -182.639 0.27896 -0.451937 -0.183388 0.827226
171.65 4.02657 -182.377 0.278873 -0.452037 -0.18355 0.827165
171.225 4.00074 -182.115 0.278786 -0.452138 -0.183712 0.827103
170.799 3.97478 -181.853 0.278699 -0.452238 -0.183874 0.827042
170.374 3.94868 -181.592 0.278612 -0.452338 -0.184036 0.82698
169.949 3.92244 -181.33 0.278525 -0.452438 -0.184198 0.826919
169.523 3.89607 -181.069 0.278438 -0.452538 -0.18436 0.826857
169.098 3.86957 -180.808 0.278351 -0.452638 -0.184522 0.826796
168.672 3.84293 -180.547 0.278264 -0.452738 -0.184683 0.826734
168.246 3.81616 -180.286 0.278177 -0.452838 -0.184845 0.826673
167.82 3.78926 -180.025 0.27809 -0.452938 -0.185007 0.826611
167.395 3.76222 -179.765 0.278003 -0.453038 -0.185169 0.826549
166.969 3.73505 -179.504 0.277916 -0.453138 -0.185331 0.826487
166.542 3.70774 -179.244 0.277829 -0.453238 -0.185492 0.826426
166.116 3.6803 -178.984 0.277742 -0.453338 -0.185654 0.826364
165.69 3.65273 -178.724 0.277655 -0.453438 -0.185816 0.826302
165.264 3.62502 -178.464 0.277567 -0.453538 -0.185978 0.82624
164.837 3.59718 -178.205 0.27748 -0.453637 -0.18614 0.826178
164.411 3.5692 -177.945 0.277393 -0.453737 -0.186301 0.826116
163.984 3.54109 -177.686 0.277306 -0.453837 -0.186463 0.826054
163.558 3.51285 -177.427 0.277219 -0.453937 -0.186625 0.825992
163.131 3.48447 -177.168 0.277132 -0.454036 -0.186787 0.82593
162.704 3.45596 -176.909 0.277044 -0.454136 -0.186948 0.825867
162.277 3.42731 -176.65 0.276957 -0.454236 -0.18711 0.825805
161.85 3.39853 -176.391 0.27687 -0.454336 -0.187272 0.825743
161.423 3.36962 -176.133 0.276783 -0.454435 -0.187433 0.825681
160.996 3.34057 -175.875 0.276695 -0.454535 -0.187595 0.825618
160.569 3.31139 -175.617 0.276608 -0.454635 -0.187757 0.825556
160.142 3.28208 -175.359 0.276521 -0.454734 -0.187918 0.825494
159.714 3.25263 -175.101 0.276434 -0.454834 -0.18808 0.825431
159.287 3.22305 -174.843 0.276346 -0.454933 -0.188242 0.825369
158.859 3.19333 -174.586 0.276259 -0.455033 -0.188403 0.825306
