trajectory pos, trajectory quat, original plan pos, original plan quat, distance to plan, funnel radius, orientation range, max orientation range
180.821 -61.7057 -153.482 0.551327 -0.682064 -0.0287783 0.479582 179.416 -62.7834 -156.193 -0.551344 0.682044 0.0287727 -0.479591 3.23875 25.3705 0.19635 0.392699
180.478 -61.3433 -153.448 0.551456 -0.682162 -0.0284735 0.479313 179.073 -62.4211 -156.159 -0.55149 0.682123 0.0284624 -0.47933 3.23871 24.9898 0.19635 0.392699
180.136 -60.9806 -153.414 0.551585 -0.68226 -0.0281688 0.479043 178.73 -62.0584 -156.126 -0.551635 0.682202 0.0281521 -0.479068 3.23864 24.6129 0.19635 0.392699
179.794 -60.6176 -153.38 0.551714 -0.682357 -0.027864 0.478773 178.388 -61.6954 -156.092 -0.551781 0.68228 0.0278418 -0.478807 3.23855 24.2397 0.19635 0.392699
179.452 -60.2543 -153.347 0.551843 -0.682455 -0.0275593 0.478502 178.046 -61.3321 -156.058 -0.551926 0.682359 0.0275314 -0.478546 3.23844 23.8703 0.19635 0.392699
179.11 -59.8908 -153.313 0.551972 -0.682553 -0.0272545 0.478232 177.705 -60.9685 -156.024 -0.552072 0.682437 0.0272211 -0.478284 3.2383 23.5045 0.19635 0.392699
178.769 -59.5269 -153.28 0.5521 -0.68265 -0.0269497 0.477962 177.363 -60.6046 -155.991 -0.552217 0.682515 0.0269108 -0.478022 3.23813 23.1424 0.19635 0.392699
178.428 -59.1627 -153.247 0.552229 -0.682747 -0.0266449 0.477692 177.022 -60.2404 -155.958 -0.552362 0.682593 0.0266004 -0.477761 3.23793 22.7839 0.19635 0.392699
178.087 -58.7983 -153.214 0.552357 -0.682845 -0.0263402 0.477421 176.682 -59.876 -155.924 -0.552507 0.682671 0.0262901 -0.477499 3.23771 22.429 0.19635 0.392699
177.747 -58.4336 -153.181 0.552485 -0.682942 -0.0260354 0.477151 176.341 -59.5112 -155.891 -0.552652 0.682749 0.0259797 -0.477237 3.23747 22.0776 0.19635 0.392699
177.407 -58.0685 -153.148 0.552614 -0.683039 -0.0257306 0.47688 176.001 -59.1461 -155.858 -0.552797 0.682827 0.0256694 -0.476975 3.23719 21.7297 0.19635 0.392699
177.067 -57.7032 -153.115 0.552742 -0.683135 -0.0254258 0.476609 175.662 -58.7807 -155.825 -0.552941 0.682904 0.025359 -0.476713 3.2369 21.3853 0.19635 0.392699
176.727 -57.3376 -153.083 0.55287 -0.683232 -0.025121 0.476338 175.322 -58.4151 -155.792 -0.553086 0.682982 0.0250487 -0.47645 3.23657 21.0443 0.19635 0.392699
176.388 -56.9716 -153.05 0.552997 -0.683329 -0.0248162 0.476067 174.983 -58.0491 -155.759 -0.55323 0.683059 0.0247383 -0.476188 3.23622 20.7067 0.19635 0.392699
176.049 -56.6054 -153.018 0.553125 -0.683425 -0.0245114 0.475796 174.644 -57.6829 -155.726 -0.553375 0.683136 0.0244279 -0.475926 3.23585 20.3725 0.19635 0.392699
175.711 -56.2389 -152.985 0.553253 -0.683521 -0.0242065 0.475525 174.306 -57.3163 -155.694 -0.553519 0.683213 0.0241175 -0.475663 3.23545 20.0416 0.19635 0.392699
175.372 -55.8721 -152.953 0.55338 -0.683617 -0.0239017 0.475254 173.968 -56.9495 -155.661 -0.553663 0.68329 0.0238071 -0.4754 3.23502 19.714 0.19635 0.392699
175.035 -55.505 -152.921 0.553508 -0.683713 -0.0235969 0.474983 173.63 -56.5823 -155.629 -0.553807 0.683366 0.0234968 -0.475138 3.23457 19.3898 0.19635 0.392699
174.697 -55.1377 -152.889 0.553635 -0.683809 -0.0232921 0.474711 173.292 -56.2149 -155.596 -0.553951 0.683443 0.0231864 -0.474875 3.23409 19.0688 0.19635 0.392699
174.359 -54.77 -152.858 0.553762 -0.683905 -0.0229872 0.47444 172.955 -55.8472 -155.564 -0.554095 0.68352 0.022876 -0.474612 3.23358 18.751 0.19635 0.392699
174.022 -54.402 -152.826 0.553923 -0.683961 -0.0226728 0.474187 172.618 -55.4791 -155.532 -0.554238 0.683596 0.0225656 -0.474349 3.23308 18.4364 0.19635 0.392699
173.686 -54.0338 -152.794 0.554083 -0.684017 -0.0223583 0.473934 172.282 -55.1108 -155.499 -0.554382 0.683672 0.0222552 -0.474086 3.2326 18.125 0.19635 0.392699
173.349 -53.6652 -152.763 0.554244 -0.684072 -0.0220438 0.47368 171.945 -54.7422 -155.467 -0.554526 0.683748 0.0219447 -0.473823 3.23215 17.8167 0.19635 0.392699
173.013 -53.2964 -152.731 0.554404 -0.684128 -0.0217293 0.473427 171.609 -54.3733 -155.435 -0.554669 0.683824 0.0216343 -0.47356 3.23172 17.5116 0.19635 0.392699
172.677 -52.9272 -152.7 0.554564 -0.684183 -0.0214148 0.473174 171.274 -54.0041 -155.404 -0.554812 0.6839 0.0213239 -0.473296 3.23132 17.2096 0.19635 0.392699
172.342 -52.5578 -152.668 0.554724 -0.684238 -0.0211003 0.47292 170.938 -53.6346 -155.372 -0.554955 0.683976 0.0210135 -0.473033 3.23095 16.9106 0.19635 0.392699
172.007 -52.1881 -152.637 0.554884 -0.684293 -0.0207858 0.472667 170.603 -53.2648 -155.34 -0.555099 0.684051 0.0207031 -0.47277 3.2306 16.6147 0.19635 0.392699
171.672 -51.818 -152.606 0.555044 -0.684348 -0.0204713 0.472413 170.268 -52.8948 -155.308 -0.555242 0.684127 0.0203926 -0.472506 3.23028 16.3218 0.19635 0.392699
171.338 -51.4477 -152.574 0.555204 -0.684403 -0.0201568 0.472159 169.934 -52.5244 -155.277 -0.555384 0.684202 0.0200822 -0.472242 3.22998 16.032 0.19635 0.392699
171.003 -51.0771 -152.543 0.555364 -0.684458 -0.0198423 0.471905 169.6 -52.1537 -155.246 -0.555527 0.684277 0.0197718 -0.471978 3.22972 15.7451 0.19635 0.392699
170.67 -50.7062 -152.512 0.555524 -0.684513 -0.0195278 0.471651 169.266 -51.7828 -155.214 -0.55567 0.684352 0.0194613 -0.471715 3.22947 15.4612 0.19635 0.392699
170.336 -50.335 -152.481 0.555683 -0.684567 -0.0192132 0.471397 168.933 -51.4115 -155.183 -0.555812 0.684427 0.0191509 -0.471451 3.22926 15.1802 0.19635 0.392699
170.003 -49.9635 -152.45 0.555842 -0.684621 -0.0188987 0.471143 168.6 -51.04 -155.152 -0.555955 0.684502 0.0188404 -0.471187 3.22907 14.9022 0.19635 0.392699
169.67 -49.5917 -152.419 0.556002 -0.684675 -0.0185842 0.470889 168.267 -50.6682 -155.121 -0.556097 0.684576 0.01853 -0.470922 3.22891 14.6271 0.19635 0.392699
169.337 -49.2196 -152.388 0.556161 -0.68473 -0.0182697 0.470634 167.934 -50.2961 -155.09 -0.556239 0.684651 0.0182195 -0.470658 3.22877 14.3548 0.19635 0.392699
169.005 -48.8473 -152.358 0.55632 -0.684783 -0.0179551 0.47038 167.602 -49.9237 -155.059 -0.556381 0.684725 0.017909 -0.470394 3.22866 14.0854 0.19635 0.392699
168.673 -48.4746 -152.327 0.556479 -0.684837 -0.0176406 0.470126 167.27 -49.551 -155.028 -0.556523 0.684799 0.0175986 -0.47013 3.22858 13.8189 0.19635 0.392699
168.341 -48.1017 -152.296 0.556638 -0.684891 -0.017326 0.469871 166.938 -49.178 -154.997 -0.556665 0.684873 0.0172881 -0.469865 3.22852 13.5552 0.19635 0.392699
168.01 -47.7284 -152.266 0.556796 -0.684944 -0.0170115 0.469616 166.607 -48.8048 -154.967 -0.556807 0.684947 0.0169776 -0.4696 3.22849 13.2943 0.19635 0.392699
167.681 -47.3544 -152.224 0.727462 -0.517547 -0.450494 0 166.276 -48.4312 -154.936 -0.556949 0.685021 0.0166672 -0.469336 3.23844 13.0362 0.19635 0.392699
167.353 -46.9779 -152.195 0.727462 -0.517547 -0.450494 0 165.946 -48.0574 -154.906 -0.55709 0.685095 0.0163567 -0.469071 3.23956 12.7809 0.19635 0.392699
167.025 -46.6014 -152.166 0.727462 -0.517547 -0.450494 0 165.615 -47.6832 -154.876 -0.557232 0.685169 0.0160462 -0.468806 3.24053 12.5283 0.19635 0.392699
166.698 -46.2249 -152.137 0.727462 -0.517547 -0.450494 0 165.285 -47.3088 -154.845 -0.557373 0.685242 0.0157357 -0.468541 3.24135 12.2785 0.19635 0.392699
166.37 -45.8484 -152.107 0.727462 -0.517547 -0.450494 0 164.956 -46.9341 -154.815 -0.557514 0.685315 0.0154252 -0.468276 3.24201 12.0314 0.19635 0.392699
166.042 -45.4719 -152.078 0.727462 -0.517547 -0.450494 0 164.626 -46.5591 -154.785 -0.557656 0.685389 0.0151147 -0.468011 3.24251 11.787 0.19635 0.392699
165.715 -45.0954 -152.049 0.727462 -0.517547 -0.450494 0 164.297 -46.1838 -154.755 -0.557797 0.685462 0.0148042 -0.467746 3.24285 11.5453 0.19635 0.392699
165.387 -44.7189 -152.02 0.727462 -0.517547 -0.450494 0 163.969 -45.8083 -154.725 -0.557938 0.685534 0.0144937 -0.46748 3.24304 11.3063 0.19635 0.392699
165.059 -44.3424 -151.991 0.727462 -0.517547 -0.450494 0 163.64 -45.4324 -154.695 -0.558078 0.685607 0.0141833 -0.467215 3.24307 11.07 0.19635 0.392699
164.731 -43.9659 -151.961 0.727462 -0.517547 -0.450494 0 163.312 -45.0563 -154.666 -0.558219 0.68568 0.0138727 -0.46695 3.24293 10.8363 0.19635 0.392699
164.404 -43.5894 -151.932 0.727462 -0.517547 -0.450494 0 162.984 -44.6798 -154.636 -0.55836 0.685752 0.0135622 -0.466684 3.24264 10.6052 0.19635 0.392699
164.076 -43.2129 -151.903 0.727462 -0.517547 -0.450494 0 162.657 -44.3031 -154.607 -0.5585 0.685825 0.0132517 -0.466418 3.24219 10.3768 0.19635 0.392699
163.748 -42.8364 -151.874 0.727462 -0.517547 -0.450494 0 162.33 -43.9261 -154.577 -0.558641 0.685897 0.0129412 -0.466153 3.24157 10.151 0.19635 0.392699
163.42 -42.4599 -151.845 0.727462 -0.517547 -0.450494 0 162.003 -43.5489 -154.548 -0.558781 0.685969 0.0126307 -0.465887 3.2408 9.92775 0.19635 0.392699
163.093 -42.0834 -151.815 0.727462 -0.517547 -0.450494 0 161.676 -43.1713 -154.519 -0.558921 0.686041 0.0123202 -0.465621 3.23986 9.70711 0.19635 0.392699
162.765 -41.7069 -151.786 0.727462 -0.517547 -0.450494 0 161.35 -42.7934 -154.489 -0.559061 0.686113 0.0120097 -0.465355 3.23877 9.48904 0.19635 0.392699
162.437 -41.3304 -151.757 0.727462 -0.517547 -0.450494 0 161.024 -42.4153 -154.46 -0.559201 0.686185 0.0116992 -0.465089 3.23752 9.27353 0.19635 0.392699
162.11 -40.9539 -151.728 0.727462 -0.517547 -0.450494 0 160.699 -42.0369 -154.431 -0.559341 0.686256 0.0113886 -0.464822 3.23611 9.06056 0.19635 0.392699
161.782 -40.5774 -151.699 0.727462 -0.517547 -0.450494 0 160.374 -41.6582 -154.403 -0.559481 0.686328 0.0110781 -0.464556 3.23455 8.85012 0.19635 0.392699
161.454 -40.2009 -151.669 0.727462 -0.517547 -0.450494 0 160.049 -41.2792 -154.374 -0.559621 0.686399 0.0107676 -0.46429 3.23283 8.64221 0.19635 0.392699
161.126 -39.8244 -151.64 0.559294 -0.68698 -0.0106299 0.463827 159.724 -40.8999 -154.345 -0.55976 0.68647 0.0104571 -0.464023 3.23096 8.4368 0.19635 0.392699
160.802 -39.445 -151.612 0.55946 -0.687019 -0.0103138 0.463577 159.4 -40.5204 -154.317 -0.5599 0.686542 0.0101465 -0.463757 3.23027 8.23389 0.19635 0.392699
160.478 -39.0653 -151.584 0.559627 -0.687057 -0.00999773 0.463326 159.076 -40.1406 -154.288 -0.560039 0.686612 0.00983601 -0.46349 3.22962 8.03347 0.19635 0.392699
160.154 -38.6853 -151.557 0.559793 -0.687095 -0.00968165 0.463075 158.753 -39.7605 -154.26 -0.560178 0.686683 0.00952548 -0.463223 3.22901 7.83553 0.19635 0.392699
159.831 -38.305 -151.529 0.559959 -0.687133 -0.00936557 0.462824 158.429 -39.3801 -154.231 -0.560317 0.686754 0.00921494 -0.462956 3.22845 5.94369 0.19635 0.392699
159.508 -37.9244 -151.501 0.560125 -0.687171 -0.00904949 0.462572 158.106 -38.9994 -154.203 -0.560456 0.686825 0.0089044 -0.46269 3.22792 5.91991 0.19635 0.392699
159.185 -37.5436 -151.473 0.560291 -0.687209 -0.0087334 0.462321 157.784 -38.6184 -154.175 -0.560595 0.686895 0.00859387 -0.462423 3.22744 5.89864 0.19635 0.392699
158.862 -37.1624 -151.446 0.560457 -0.687247 -0.00841731 0.46207 157.461 -38.2372 -154.147 -0.560734 0.686965 0.00828333 -0.462155 3.227 5.87988 0.19635 0.392699
158.54 -36.781 -151.418 0.560623 -0.687284 -0.00810123 0.461818 157.139 -37.8557 -154.119 -0.560873 0.687035 0.00797278 -0.461888 3.2266 5.86362 0.19635 0.392699
158.219 -36.3993 -151.391 0.560789 -0.687322 -0.00778514 0.461567 156.818 -37.4739 -154.091 -0.561011 0.687105 0.00766224 -0.461621 3.22625 5.84987 0.19635 0.392699
157.897 -36.0173 -151.363 0.560954 -0.687359 -0.00746905 0.461315 156.497 -37.0918 -154.063 -0.56115 0.687175 0.0073517 -0.461354 3.22593 5.83861 0.19635 0.392699
157.576 -35.635 -151.336 0.56112 -0.687396 -0.00715295 0.461063 156.176 -36.7095 -154.035 -0.561288 0.687245 0.00704115 -0.461086 3.22566 5.82986 0.19635 0.392699
157.255 -35.2525 -151.308 0.561285 -0.687433 -0.00683686 0.460812 155.855 -36.3268 -154.008 -0.561426 0.687315 0.0067306 -0.460819 3.22542 5.82361 0.19635 0.392699
156.935 -34.8696 -151.281 0.561451 -0.68747 -0.00652076 0.46056 155.535 -35.9439 -153.98 -0.561564 0.687384 0.00642005 -0.460551 3.22523 5.81986 0.19635 0.392699
156.615 -34.4865 -151.254 0.561616 -0.687507 -0.00620467 0.460308 155.214 -35.5607 -153.953 -0.561702 0.687454 0.0061095 -0.460283 3.22509 5.81861 0.19635 0.392699
156.552 -34.0103 -151.213 0.561645 -0.687514 -0.00613524 0.460263 154.831 -35.1005 -153.92 -0.561868 0.687537 0.00573684 -0.459962 3.3884 7.67243 0.19635 0.392699
156.552 -33.5113 -151.181 0.561645 -0.687514 -0.00613524 0.460263 154.512 -34.7167 -153.893 -0.562006 0.687606 0.00542629 -0.459694 3.60125 7.65868 0.19635 0.392699
156.552 -33.0123 -151.15 0.561645 -0.687514 -0.00613524 0.460263 154.512 -34.7167 -153.893 -0.562006 0.687606 0.00542629 -0.459694 3.81992 7.65868 0.19635 0.392699
156.552 -32.5133 -151.119 0.561645 -0.687514 -0.00613524 0.460263 154.193 -34.3326 -153.866 -0.562143 0.687675 0.00511573 -0.459426 4.05255 7.64742 0.19635 0.392699
156.552 -32.0151 -151.078 0.561644 -0.687515 -0.00613459 0.460263 153.874 -33.9483 -153.839 -0.562281 0.687743 0.00480518 -0.459158 4.30443 7.63867 0.19635 0.392699
156.551 -31.5185 -151.02 0.561644 -0.687515 -0.00613459 0.460263 153.556 -33.5636 -153.812 -0.562418 0.687812 0.00449462 -0.45889 4.57692 7.63242 0.19635 0.392699
156.293 -31.113 -150.987 0.561706 -0.687623 -0.00590164 0.460028 153.238 -33.1787 -153.785 -0.562556 0.687881 0.00418407 -0.458622 4.62959 7.62867 0.19635 0.392699
155.974 -30.7293 -150.96 0.561785 -0.687756 -0.00561274 0.459737 152.92 -32.7935 -153.758 -0.562693 0.687949 0.00387351 -0.458353 4.62788 7.62742 0.19635 0.392699
155.655 -30.3454 -150.933 0.561863 -0.687889 -0.00532384 0.459446 152.603 -32.4081 -153.732 -0.56283 0.688017 0.00356295 -0.458085 4.62609 9.60333 0.19635 0.392699
155.336 -29.9612 -150.907 0.561941 -0.688021 -0.00503494 0.459155 152.286 -32.0223 -153.705 -0.562967 0.688085 0.00325239 -0.457816 4.62423 9.39556 0.19635 0.392699
155.017 -29.5768 -150.88 0.562019 -0.688154 -0.00474603 0.458864 151.969 -31.6363 -153.679 -0.563104 0.688153 0.00294183 -0.457548 4.62229 9.19029 0.19635 0.392699
154.699 -29.1921 -150.854 0.562097 -0.688286 -0.00445713 0.458573 151.653 -31.25 -153.652 -0.563241 0.688221 0.00263127 -0.457279 4.62028 8.98752 0.19635 0.392699
154.381 -28.8071 -150.828 0.562175 -0.688419 -0.00416822 0.458281 151.337 -30.8634 -153.626 -0.563378 0.688289 0.00232071 -0.45701 4.61819 8.78723 0.19635 0.392699
154.063 -28.4219 -150.802 0.562252 -0.688551 -0.00387931 0.45799 151.021 -30.4766 -153.6 -0.563514 0.688357 0.00201015 -0.456741 4.61602 8.5894 0.19635 0.392699
153.746 -28.0364 -150.776 0.56233 -0.688683 -0.00359041 0.457699 150.706 -30.0895 -153.574 -0.563651 0.688424 0.00169959 -0.456472 4.61378 8.39403 0.19635 0.392699
153.429 -27.6506 -150.75 0.562407 -0.688815 -0.0033015 0.457407 150.39 -29.7021 -153.548 -0.563787 0.688492 0.00138903 -0.456203 4.61146 8.20112 0.19635 0.392699
153.112 -27.2646 -150.725 0.562485 -0.688947 -0.00301259 0.457115 150.076 -29.3144 -153.522 -0.563924 0.688559 0.00107847 -0.455934 4.60906 8.01063 0.19635 0.392699
152.796 -26.8783 -150.699 0.562562 -0.689078 -0.00272368 0.456823 149.761 -28.9265 -153.496 -0.56406 0.688626 0.000767907 -0.455665 4.60659 7.82258 0.19635 0.392699
152.479 -26.4918 -150.674 0.562639 -0.68921 -0.00243477 0.456531 149.447 -28.5383 -153.47 -0.564196 0.688693 0.000457345 -0.455396 4.60404 7.63695 0.19635 0.392699
152.164 -26.105 -150.649 0.562716 -0.689341 -0.00214586 0.456239 149.134 -28.1498 -153.444 -0.564332 0.68876 0.000146782 -0.455126 4.60141 7.45372 0.19635 0.392699
151.848 -25.718 -150.625 0.562793 -0.689473 -0.00185695 0.455947 148.82 -27.761 -153.419 -0.564468 0.688826 -0.00016378 -0.454857 4.59871 7.27289 0.19635 0.392699
151.533 -25.3306 -150.6 0.56287 -0.689604 -0.00156803 0.455655 148.507 -27.372 -153.393 -0.564603 0.688893 -0.000474342 -0.454587 4.59593 7.09445 0.19635 0.392699
151.218 -24.9431 -150.576 0.562947 -0.689735 -0.00127912 0.455363 148.194 -26.9827 -153.368 -0.564739 0.688959 -0.000784904 -0.454317 4.59307 6.91839 0.19635 0.392699
150.903 -24.5552 -150.552 0.563023 -0.689866 -0.000990211 0.455071 147.882 -26.5931 -153.343 -0.564875 0.689026 -0.00109547 -0.454048 4.59014 6.7447 0.19635 0.392699
150.589 -24.1668 -150.526 0.563155 -0.689936 -0.000681563 0.454801 147.57 -26.2033 -153.317 -0.56501 0.689092 -0.00140603 -0.453778 4.5886 6.57338 0.19635 0.392699
150.275 -23.7784 -150.502 0.5633 -0.689993 -0.000369371 0.454536 147.258 -25.8131 -153.292 -0.565145 0.689158 -0.00171659 -0.453508 4.58563 6.40441 0.19635 0.392699
149.962 -23.3898 -150.478 0.563445 -0.690049 -5.71784e-05 0.454271 146.947 -25.4228 -153.267 -0.56528 0.689224 -0.00202715 -0.453238 4.58267 6.23778 0.19635 0.392699
149.648 -23.0009 -150.455 0.563591 -0.690105 0.000255014 0.454006 146.636 -25.0321 -153.242 -0.565416 0.689289 -0.00233771 -0.452968 4.57972 6.07349 0.19635 0.392699
149.335 -22.6117 -150.431 0.563736 -0.69016 0.000567206 0.45374 146.325 -24.6412 -153.218 -0.565551 0.689355 -0.00264827 -0.452698 4.57678 5.91153 0.19635 0.392699
149.023 -22.2222 -150.407 0.563881 -0.690216 0.000879398 0.453475 146.015 -24.25 -153.193 -0.565685 0.689421 -0.00295883 -0.452427 4.57386 5.75189 0.19635 0.392699
148.71 -21.8325 -150.384 0.564026 -0.690271 0.00119159 0.453209 145.705 -23.8585 -153.168 -0.56582 0.689486 -0.00326939 -0.452157 4.57094 5.59457 0.19635 0.392699
148.398 -21.4425 -150.36 0.564171 -0.690327 0.00150378 0.452944 145.395 -23.4668 -153.144 -0.565955 0.689551 -0.00357995 -0.451886 4.56804 5.43955 0.19635 0.392699
148.087 -21.0522 -150.337 0.564315 -0.690382 0.00181597 0.452678 145.085 -23.0748 -153.119 -0.566089 0.689616 -0.00389051 -0.451616 4.56515 5.28682 0.19635 0.392699
147.775 -20.6616 -150.313 0.56446 -0.690437 0.00212816 0.452412 144.776 -22.6825 -153.095 -0.566224 0.689681 -0.00420106 -0.451345 4.56227 5.13639 0.19635 0.392699
147.464 -20.2708 -150.29 0.564604 -0.690492 0.00244036 0.452147 144.468 -22.2899 -153.071 -0.566358 0.689746 -0.00451162 -0.451075 4.5594 4.98825 0.19635 0.392699
147.154 -19.8797 -150.267 0.564749 -0.690547 0.00275255 0.451881 144.159 -21.8971 -153.046 -0.566492 0.689811 -0.00482218 -0.450804 4.55654 4.84238 0.19635 0.392699
146.843 -19.4884 -150.244 0.564893 -0.690602 0.00306474 0.451615 143.851 -21.504 -153.022 -0.566627 0.689875 -0.00513273 -0.450533 4.5537 4.69878 0.19635 0.392699
146.533 -19.0967 -150.221 0.565037 -0.690656 0.00337692 0.451349 143.543 -21.1107 -152.998 -0.566761 0.68994 -0.00544329 -0.450262 4.55086 4.55744 0.19635 0.392699
146.224 -18.7048 -150.198 0.565181 -0.690711 0.00368911 0.451082 143.236 -20.7171 -152.974 -0.566894 0.690004 -0.00575384 -0.449991 4.54804 4.41836 0.19635 0.392699
145.914 -18.3126 -150.175 0.565325 -0.690765 0.0040013 0.450816 142.929 -20.3232 -152.951 -0.567028 0.690068 -0.00606439 -0.44972 4.54523 4.28154 0.19635 0.392699
145.606 -17.9202 -150.152 0.565469 -0.690819 0.00431349 0.45055 142.622 -19.929 -152.927 -0.567162 0.690132 -0.00637494 -0.449449 4.54243 4.14695 0.19635 0.392699
145.297 -17.5275 -150.13 0.565613 -0.690873 0.00462567 0.450283 142.316 -19.5346 -152.903 -0.567296 0.690196 -0.00668549 -0.449177 4.53964 4.0146 0.19635 0.392699
144.989 -17.1345 -150.107 0.565756 -0.690927 0.00493786 0.450017 142.01 -19.1399 -152.88 -0.567429 0.69026 -0.00699604 -0.448906 4.53687 3.88449 0.19635 0.392699
144.681 -16.7412 -150.084 0.5659 -0.690981 0.00525004 0.44975 141.704 -18.745 -152.856 -0.567562 0.690324 -0.00730658 -0.448634 4.5341 3.7566 0.19635 0.392699
144.379 -16.3452 -150.027 0.56604 -0.691022 0.00558516 0.449507 141.399 -18.3498 -152.833 -0.567696 0.690387 -0.00761713 -0.448363 4.55748 3.63093 0.19635 0.392699
144.072 -15.9514 -150.005 0.566195 -0.691061 0.00589947 0.449247 141.094 -17.9543 -152.81 -0.567829 0.690451 -0.00792767 -0.448091 4.55476 3.50748 0.19635 0.392699
143.765 -15.5573 -149.983 0.566351 -0.6911 0.00621377 0.448987 140.789 -17.5586 -152.786 -0.567962 0.690514 -0.00823821 -0.447819 4.55207 3.38623 0.19635 0.392699
143.458 -15.163 -149.96 0.566506 -0.691138 0.00652808 0.448727 140.484 -17.1626 -152.763 -0.568095 0.690577 -0.00854875 -0.447548 4.54941 3.26719 0.19635 0.392699
143.152 -14.7684 -149.938 0.566662 -0.691176 0.00684238 0.448467 140.18 -16.7663 -152.74 -0.568227 0.69064 -0.00885929 -0.447276 4.54677 3.15035 0.19635 0.392699
142.846 -14.3735 -149.916 0.566817 -0.691214 0.00715668 0.448207 139.877 -16.3698 -152.717 -0.56836 0.690703 -0.00916983 -0.447004 4.54416 3.0357 0.19635 0.392699
142.54 -13.9784 -149.894 0.566972 -0.691252 0.00747098 0.447947 139.573 -15.973 -152.695 -0.568493 0.690766 -0.00948037 -0.446732 4.54158 2.92324 0.19635 0.392699
142.235 -13.583 -149.872 0.567127 -0.69129 0.00778528 0.447687 139.27 -15.5759 -152.672 -0.568625 0.690828 -0.0097909 -0.446459 4.53902 2.81296 0.19635 0.392699
141.93 -13.1873 -149.85 0.567282 -0.691328 0.00809957 0.447427 138.968 -15.1786 -152.649 -0.568758 0.690891 -0.0101014 -0.446187 4.5365 2.70486 0.19635 0.392699
141.626 -12.7914 -149.828 0.567437 -0.691365 0.00841387 0.447167 138.665 -14.781 -152.627 -0.56889 0.690953 -0.010412 -0.445915 4.53399 2.59893 0.19635 0.392699
141.321 -12.3952 -149.806 0.567592 -0.691403 0.00872816 0.446906 138.363 -14.3831 -152.604 -0.569022 0.691015 -0.0107225 -0.445642 4.53152 2.49517 0.19635 0.392699
141.017 -11.9987 -149.784 0.567747 -0.69144 0.00904245 0.446646 138.062 -13.985 -152.582 -0.569154 0.691077 -0.011033 -0.44537 4.52907 2.39358 0.19635 0.392699
140.714 -11.602 -149.762 0.567901 -0.691477 0.00935674 0.446385 137.76 -13.5866 -152.56 -0.569286 0.691139 -0.0113435 -0.445097 4.52665 2.29415 0.19635 0.392699
140.411 -11.205 -149.74 0.568056 -0.691514 0.00967103 0.446124 137.459 -13.188 -152.538 -0.569418 0.691201 -0.0116541 -0.444825 4.52426 2.19687 0.19635 0.392699
140.108 -10.8077 -149.719 0.56821 -0.691551 0.00998531 0.445864 137.159 -12.7891 -152.516 -0.56955 0.691263 -0.0119646 -0.444552 4.52189 2.10175 0.19635 0.392699
139.805 -10.4102 -149.697 0.568364 -0.691588 0.0102996 0.445603 136.858 -12.39 -152.494 -0.569681 0.691324 -0.0122751 -0.444279 4.51955 2.00877 0.19635 0.392699
139.503 -10.0124 -149.675 0.568518 -0.691625 0.0106139 0.445342 136.558 -11.9905 -152.472 -0.569813 0.691385 -0.0125856 -0.444006 4.51724 1.91794 0.19635 0.392699
139.201 -9.61433 -149.654 0.568672 -0.691661 0.0109282 0.445081 136.259 -11.5909 -152.45 -0.569944 0.691447 -0.0128961 -0.443733 4.51495 1.82925 0.19635 0.392699
138.9 -9.216 -149.632 0.568826 -0.691698 0.0112424 0.44482 135.959 -11.1909 -152.428 -0.570075 0.691508 -0.0132066 -0.44346 4.51269 1.74269 0.19635 0.392699
138.599 -8.81741 -149.611 0.56898 -0.691734 0.0115567 0.444559 135.66 -10.7907 -152.407 -0.570207 0.691569 -0.0135171 -0.443187 4.51046 1.65826 0.19635 0.392699
138.302 -8.41729 -149.561 0.569102 -0.691794 0.0118847 0.444301 135.362 -10.3903 -152.385 -0.570338 0.69163 -0.0138276 -0.442913 4.52917 1.57597 0.19635 0.392699
138.002 -8.01817 -149.54 0.56923 -0.691859 0.0121942 0.444026 135.064 -9.98955 -152.364 -0.570469 0.69169 -0.0141381 -0.44264 4.52695 1.4958 0.19635 0.392699
137.701 -7.6188 -149.519 0.569358 -0.691924 0.0125037 0.443751 134.766 -9.58858 -152.342 -0.570599 0.691751 -0.0144486 -0.442367 4.52474 1.41775 0.19635 0.392699
137.402 -7.21917 -149.498 0.569486 -0.69199 0.0128131 0.443477 134.468 -9.18734 -152.321 -0.57073 0.691811 -0.0147591 -0.442093 4.52252 1.34183 0.19635 0.392699
137.102 -6.81928 -149.477 0.569614 -0.692055 0.0131226 0.443202 134.171 -8.78585 -152.3 -0.570861 0.691872 -0.0150696 -0.441819 4.5203 1.26802 0.19635 0.392699
136.803 -6.41913 -149.456 0.569742 -0.69212 0.013432 0.442927 133.874 -8.3841 -152.279 -0.570991 0.691932 -0.0153801 -0.441546 4.51807 1.19632 0.19635 0.392699
136.504 -6.01872 -149.435 0.56987 -0.692185 0.0137415 0.442651 133.577 -7.9821 -152.258 -0.571122 0.691992 -0.0156906 -0.441272 4.51584 1.12673 0.19635 0.392699
136.206 -5.61806 -149.414 0.569997 -0.692249 0.014051 0.442376 133.281 -7.57983 -152.237 -0.571252 0.692052 -0.0160011 -0.440998 4.51361 1.05925 0.19635 0.392699
135.908 -5.21713 -149.394 0.570125 -0.692314 0.0143604 0.442101 132.985 -7.17731 -152.216 -0.571382 0.692112 -0.0163116 -0.440724 4.51137 0.99387 0.19635 0.392699
135.61 -4.81595 -149.373 0.570252 -0.692378 0.0146699 0.441825 132.69 -6.77453 -152.196 -0.571512 0.692171 -0.0166221 -0.44045 4.50913 0.930595 0.19635 0.392699
135.313 -4.41451 -149.353 0.570379 -0.692443 0.0149793 0.44155 132.394 -6.3715 -152.175 -0.571642 0.692231 -0.0169325 -0.440176 4.50688 0.869418 0.19635 0.392699
135.016 -4.01281 -149.333 0.570506 -0.692507 0.0152887 0.441274 132.1 -5.96821 -152.155 -0.571772 0.69229 -0.017243 -0.439902 4.50463 0.810339 0.19635 0.392699
134.719 -3.61086 -149.313 0.570633 -0.692571 0.0155982 0.440999 131.805 -5.56466 -152.134 -0.571902 0.69235 -0.0175535 -0.439627 4.50238 0.753354 0.19635 0.392699
134.423 -3.20864 -149.293 0.57076 -0.692635 0.0159076 0.440723 131.511 -5.16086 -152.114 -0.572031 0.692409 -0.0178639 -0.439353 4.50012 0.69846 0.19635 0.392699
134.127 -2.80618 -149.273 0.570887 -0.692699 0.016217 0.440447 131.217 -4.75681 -152.094 -0.572161 0.692468 -0.0181744 -0.439078 4.49786 0.645657 0.19635 0.392699
133.831 -2.40345 -149.253 0.571014 -0.692762 0.0165265 0.440171 130.924 -4.3525 -152.074 -0.57229 0.692527 -0.0184849 -0.438804 4.49559 0.594941 0.19635 0.392699
133.536 -2.00047 -149.233 0.57114 -0.692826 0.0168359 0.439895 130.63 -3.94793 -152.054 -0.57242 0.692585 -0.0187953 -0.438529 4.49332 0.54631 0.19635 0.392699
133.241 -1.59724 -149.213 0.571267 -0.692889 0.0171453 0.439619 130.338 -3.54311 -152.034 -0.572549 0.692644 -0.0191058 -0.438255 4.49105 0.499763 0.19635 0.392699
132.946 -1.19375 -149.194 0.571393 -0.692953 0.0174548 0.439343 130.045 -3.13804 -152.014 -0.572678 0.692702 -0.0194162 -0.43798 4.48877 0.455298 0.19635 0.392699
132.652 -0.790007 -149.174 0.571519 -0.693016 0.0177642 0.439067 129.753 -2.73272 -151.994 -0.572807 0.692761 -0.0197267 -0.437705 4.48649 0.412913 0.19635 0.392699
132.361 -0.384517 -149.141 0.571655 -0.693061 0.0180856 0.438806 129.461 -2.32714 -151.975 -0.572936 0.692819 -0.0200371 -0.43743 4.49584 0.372606 0.19635 0.392699
132.067 0.0197394 -149.121 0.571801 -0.693101 0.0183987 0.438539 129.17 -1.9213 -151.955 -0.573065 0.692877 -0.0203475 -0.437155 4.49358 0.334376 0.19635 0.392699
131.774 0.424252 -149.102 0.571946 -0.693142 0.0187119 0.438272 128.879 -1.51522 -151.936 -0.573193 0.692935 -0.020658 -0.43688 4.49135 0.29822 0.19635 0.392699
131.481 0.82902 -149.083 0.572091 -0.693182 0.019025 0.438005 128.588 -1.10888 -151.916 -0.573322 0.692993 -0.0209684 -0.436604 4.48913 0.264139 0.19635 0.392699
131.189 1.23404 -149.064 0.572236 -0.693222 0.0193382 0.437738 128.298 -0.702295 -151.897 -0.57345 0.69305 -0.0212788 -0.436329 4.48694 0.23213 0.19635 0.392699
130.896 1.63932 -149.045 0.572381 -0.693262 0.0196513 0.437471 128.008 -0.295455 -151.878 -0.573578 0.693108 -0.0215892 -0.436054 4.48477 0.202191 0.19635 0.392699
130.605 2.04486 -149.026 0.572526 -0.693302 0.0199645 0.437204 127.718 0.111637 -151.859 -0.573707 0.693165 -0.0218997 -0.435778 4.48261 0.174323 0.19635 0.392699
130.313 2.45065 -149.007 0.572671 -0.693342 0.0202776 0.436937 127.429 0.518979 -151.84 -0.573835 0.693223 -0.0222101 -0.435503 4.48048 0.148523 0.19635 0.392699
130.022 2.85669 -148.988 0.572816 -0.693381 0.0205907 0.436669 127.14 0.926572 -151.821 -0.573963 0.69328 -0.0225205 -0.435227 4.47836 0.124791 0.19635 0.392699
129.731 3.26299 -148.969 0.57296 -0.693421 0.0209039 0.436402 126.851 1.33442 -151.802 -0.574091 0.693337 -0.0228309 -0.434951 4.47627 0.125077 0.19635 0.392699
129.441 3.66954 -148.951 0.573105 -0.69346 0.021217 0.436134 126.563 1.74251 -151.783 -0.574218 0.693394 -0.0231413 -0.434676 4.4742 0.101301 0.19635 0.392699
129.151 4.07635 -148.932 0.573249 -0.6935 0.0215301 0.435867 126.275 2.15085 -151.765 -0.574346 0.69345 -0.0234517 -0.4344 4.47215 0.0800317 0.19635 0.392699
128.861 4.48341 -148.913 0.573394 -0.693539 0.0218433 0.435599 125.987 2.55945 -151.746 -0.574474 0.693507 -0.0237621 -0.434124 4.47011 0.0612686 0.19635 0.392699
128.571 4.89072 -148.895 0.573538 -0.693578 0.0221564 0.435332 125.7 2.96829 -151.728 -0.574601 0.693564 -0.0240724 -0.433848 4.4681 0.04501 0.19635 0.392699
128.282 5.29828 -148.877 0.573682 -0.693617 0.0224695 0.435064 125.413 3.37738 -151.709 -0.574728 0.69362 -0.0243828 -0.433571 4.46611 0.0312548 0.19635 0.392699
127.994 5.7061 -148.858 0.573826 -0.693655 0.0227826 0.434796 125.127 3.78672 -151.691 -0.574856 0.693676 -0.0246932 -0.433295 4.46414 0.020002 0.19635 0.392699
127.705 6.11417 -148.84 0.573969 -0.693694 0.0230957 0.434528 124.84 4.1963 -151.673 -0.574983 0.693732 -0.0250036 -0.433019 4.46219 0.0112506 0.19635 0.392699
127.417 6.52249 -148.822 0.574113 -0.693732 0.0234088 0.43426 124.555 4.60614 -151.655 -0.57511 0.693788 -0.0253139 -0.432743 4.46026 0.00500012 0.19635 0.392699
