191.956 5.10884 -195.123 0.28303 -0.447205 -0.175769 0.830064
191.535 5.08944 -194.854 0.282944 -0.447306 -0.175932 0.830005
191.114 5.06992 -194.586 0.282858 -0.447407 -0.176094 0.829945
190.692 5.05025 -194.317 0.282771 -0.447508 -0.176256 0.829886
190.271 5.03046 -194.048 0.282685 -0.447609 -0.176419 0.829826
189.85 5.01052 -193.78 0.282599 -0.44771 -0.176581 0.829767
189.428 4.99046 -193.511 0.282512 -0.447812 -0.176743 0.829707
189.007 4.97026 -193.243 0.282426 -0.447913 -0.176905 0.829647
188.585 4.94993 -192.975 0.28234 -0.448014 -0.177068 0.829587
188.164 4.92946 -192.707 0.282253 -0.448115 -0.17723 0.829528
187.742 4.90886 -192.44 0.282167 -0.448216 -0.177392 0.829468
187.32 4.88812 -192.172 0.28208 -0.448317 -0.177554 0.829408
186.898 4.86725 -191.905 0.281994 -0.448418 -0.177716 0.829348
186.476 4.84624 -191.637 0.281907 -0.448518 -0.177879 0.829288
186.054 4.8251 -191.37 0.281821 -0.448619 -0.178041 0.829228
185.631 4.80383 -191.103 0.281734 -0.44872 -0.178203 0.829168
185.209 4.78242 -190.837 0.281648 -0.448821 -0.178365 0.829108
184.787 4.76088 -190.57 0.281561 -0.448922 -0.178527 0.829048
184.364 4.73921 -190.303 0.281475 -0.449023 -0.17869 0.828988
183.942 4.7174 -190.037 0.281388 -0.449124 -0.178852 0.828927
183.942 4.7174 -190.037 0.281388 -0.449124 -0.178852 0.828927
183.519 4.69545 -189.771 0.281302 -0.449224 -0.179014 0.828867
183.096 4.67337 -189.505 0.281215 -0.449325 -0.179176 0.828807
182.673 4.65116 -189.239 0.281129 -0.449426 -0.179338 0.828747
182.251 4.62882 -188.973 0.281042 -0.449527 -0.1795 0.828686
181.828 4.60634 -188.707 0.280955 -0.449627 -0.179662 0.828626
181.404 4.58372 -188.442 0.280869 -0.449728 -0.179824 0.828565
180.981 4.56097 -188.177 0.280782 -0.449829 -0.179986 0.828505
180.558 4.53809 -187.911 0.280696 -0.449929 -0.180149 0.828444
180.135 4.51507 -187.646 0.280609 -0.45003 -0.180311 0.828384
179.711 4.49192 -187.381 0.280522 -0.45013 -0.180473 0.828323
179.288 4.46864 -187.117 0.280436 -0.450231 -0.180635 0.828263
178.864 4.44522 -186.852 0.280349 -0.450332 -0.180797 0.828202
178.44 4.42166 -186.588 0.280262 -0.450432 -0.180959 0.828141
178.017 4.39798 -186.323 0.280175 -0.450533 -0.181121 0.828081
177.593 4.37415 -186.059 0.280089 -0.450633 -0.181283 0.82802
177.169 4.3502 -185.795 0.280002 -0.450733 -0.181445 0.827959
176.745 4.32611 -185.531 0.279915 -0.450834 -0.181607 0.827898
176.321 4.30188 -185.268 0.279828 -0.450934 -0.181769 0.827837
175.896 4.27753 -185.004 0.279742 -0.451035 -0.181931 0.827776
175.472 4.25303 -184.741 0.279655 -0.451135 -0.182093 0.827715
175.048 4.22841 -184.478 0.279568 -0.451235 -0.182255 0.827654
174.623 4.20365 -184.214 0.279481 -0.451336 -0.182417 0.827593
174.199 4.17875 -183.952 0.279394 -0.451436 -0.182579 0.827532
173.774 4.15373 -183.689 0.279307 -0.451536 -0.182741 0.827471
173.349 4.12856 -183.426 0.279221 -0.451637 -0.182903 0.82741
172.925 4.10327 -183.164 0.279134 -0.451737 -0.183065 0.827349
172.5 4.07784 -182.901 0.279047 -0.451837 -0.183227 0.827287
172.075 4.05227 -182.639 0.27896 -0.451937 -0.183388 0.827226
171.65 4.02657 -182.377 0.278873 -0.452037 -0.18355 0.827165
171.225 4.00074 -182.115 0.278786 -0.452138 -0.183712 0.827103
170.799 3.97478 -181.853 0.278699 -0.452238 -0.183874 0.827042
170.374 3.94868 -181.592 0.278612 -0.452338 -0.184036 0.82698
169.949 3.92244 -181.33 0.278525 -0.452438 -0.184198 0.826919
169.523 3.89607 -181.069 0.278438 -0.452538 -0.18436 0.826857
169.098 3.86957 -180.808 0.278351 -0.452638 -0.184522 0.826796
168.672 3.84293 -180.547 0.278264 -0.452738 -0.184683 0.826734
168.246 3.81616 -180.286 0.278177 -0.452838 -0.184845 0.826673
167.82 3.78926 -180.025 0.27809 -0.452938 -0.185007 0.826611
167.395 3.76222 -179.765 0.278003 -0.453038 -0.185169 0.826549
166.969 3.73505 -179.504 0.277916 -0.453138 -0.185331 0.826487
166.542 3.70774 -179.244 0.277829 -0.453238 -0.185492 0.826426
166.116 3.6803 -178.984 0.277742 -0.453338 -0.185654 0.826364
165.69 3.65273 -178.724 0.277655 -0.453438 -0.185816 0.826302
165.264 3.62502 -178.464 0.277567 -0.453538 -0.185978 0.82624
164.837 3.59718 -178.205 0.27748 -0.453637 -0.18614 0.826178
164.411 3.5692 -177.945 0.277393 -0.453737 -0.186301 0.826116
163.984 3.54109 -177.686 0.277306 -0.453837 -0.186463 0.826054
163.558 3.51285 -177.427 0.277219 -0.453937 -0.186625 0.825992
163.131 3.48447 -177.168 0.277132 -0.454036 -0.186787 0.82593
162.704 3.45596 -176.909 0.277044 -0.454136 -0.186948 0.825867
162.277 3.42731 -176.65 0.276957 -0.454236 -0.18711 0.825805
161.85 3.39853 -176.391 0.27687 -0.454336 -0.187272 0.825743
161.423 3.36962 -176.133 0.276783 -0.454435 -0.187433 0.825681
160.996 3.34057 -175.875 0.276695 -0.454535 -0.187595 0.825618
160.569 3.31139 -175.617 0.276608 -0.454635 -0.187757 0.825556
160.142 3.28208 -175.359 0.276521 -0.454734 -0.187918 0.825494
159.714 3.25263 -175.101 0.276434 -0.454834 -0.18808 0.825431
159.287 3.22305 -174.843 0.276346 -0.454933 -0.188242 0.825369
158.859 3.19333 -174.586 0.276259 -0.455033 -0.188403 0.825306
158.432 3.16348 -174.328 0.276172 -0.455132 -0.188565 0.825244
158.004 3.1335 -174.071 0.276084 -0.455232 -0.188727 0.825181
157.576 3.10338 -173.814 0.275997 -0.455331 -0.188888 0.825118
157.148 3.07312 -173.557 0.275909 -0.455431 -0.18905 0.825056
156.72 3.04274 -173.3 0.275822 -0.45553 -0.189211 0.824993
156.292 3.01222 -173.044 0.275735 -0.45563 -0.189373 0.82493
155.864 2.98157 -172.787 0.275647 -0.455729 -0.189534 0.824868
155.436 2.95078 -172.531 0.27556 -0.455828 -0.189696 0.824805
155.008 2.91986 -172.275 0.275472 -0.455928 -0.189858 0.824742
154.579 2.8888 -172.019 0.275385 -0.456027 -0.190019 0.824679
154.151 2.85761 -171.763 0.275298 -0.456126 -0.190181 0.824616
153.722 2.82629 -171.507 0.27521 -0.456225 -0.190342 0.824553
153.294 2.79484 -171.252 0.275123 -0.456325 -0.190504 0.82449
152.865 2.76324 -170.996 0.275035 -0.456424 -0.190665 0.824427
152.436 2.73152 -170.741 0.274947 -0.456523 -0.190827 0.824364
152.007 2.69966 -170.486 0.27486 -0.456622 -0.190988 0.824301
151.578 2.66767 -170.231 0.274772 -0.456721 -0.19115 0.824237
151.149 2.63555 -169.976 0.274685 -0.456821 -0.191311 0.824174
150.72 2.60329 -169.721 0.274597 -0.45692 -0.191473 0.824111
150.291 2.5709 -169.467 0.27451 -0.457019 -0.191634 0.824048
149.862 2.53837 -169.213 0.274422 -0.457118 -0.191796 0.823984
149.433 2.50571 -168.958 0.274334 -0.457217 -0.191957 0.823921
149.003 2.47291 -168.704 0.274247 -0.457316 -0.192118 0.823858
148.574 2.43999 -168.451 0.274159 -0.457415 -0.19228 0.823794
148.144 2.40693 -168.197 0.274072 -0.457514 -0.192441 0.823731
147.714 2.37373 -167.943 0.273984 -0.457613 -0.192603 0.823667
147.285 2.3404 -167.69 0.273896 -0.457712 -0.192764 0.823603
146.855 2.30694 -167.437 0.273809 -0.457811 -0.192925 0.82354
146.425 2.27334 -167.183 0.273721 -0.45791 -0.193087 0.823476
145.995 2.23961 -166.93 0.273633 -0.458009 -0.193248 0.823413
145.565 2.20575 -166.678 0.273545 -0.458107 -0.19341 0.823349
145.135 2.17175 -166.425 0.273458 -0.458206 -0.193571 0.823285
144.705 2.13762 -166.173 0.27337 -0.458305 -0.193732 0.823221
144.274 2.10336 -165.92 0.273282 -0.458404 -0.193894 0.823157
143.844 2.06896 -165.668 0.273194 -0.458503 -0.194055 0.823093
143.414 2.03443 -165.416 0.273107 -0.458601 -0.194216 0.82303
142.983 1.99976 -165.164 0.273019 -0.4587 -0.194377 0.822966
142.552 1.96496 -164.912 0.272931 -0.458799 -0.194539 0.822902
142.122 1.93003 -164.661 0.272843 -0.458898 -0.1947 0.822838
141.691 1.89496 -164.409 0.272755 -0.458996 -0.194861 0.822773
141.26 1.85977 -164.158 0.272667 -0.459095 -0.195023 0.822709
140.829 1.82443 -163.907 0.27258 -0.459193 -0.195184 0.822645
140.398 1.78962 -163.656 0.273115 -0.460729 -0.194376 0.8218
139.966 1.75666 -163.407 0.273804 -0.462621 -0.193326 0.820755
139.533 1.7256 -163.159 0.274491 -0.46451 -0.192274 0.819705
139.099 1.69645 -162.913 0.275177 -0.466396 -0.191221 0.81865
138.664 1.6692 -162.667 0.275861 -0.468279 -0.190167 0.817589
138.228 1.64385 -162.423 0.276543 -0.470159 -0.189112 0.816524
137.791 1.62041 -162.181 0.277224 -0.472037 -0.188055 0.815453
137.354 1.59887 -161.94 0.277903 -0.473911 -0.186997 0.814377
136.916 1.57924 -161.7 0.27858 -0.475782 -0.185938 0.813297
136.476 1.56151 -161.462 0.279255 -0.477651 -0.184878 0.812211
136.036 1.54569 -161.225 0.279929 -0.479516 -0.183817 0.81112
135.596 1.53178 -160.989 0.280601 -0.481379 -0.182755 0.810024
135.154 1.51977 -160.755 0.281271 -0.483238 -0.181691 0.808923
134.712 1.50967 -160.522 0.281939 -0.485095 -0.180627 0.807817
134.268 1.50148 -160.291 0.282606 -0.486948 -0.179561 0.806705
133.825 1.49519 -160.061 0.28327 -0.488798 -0.178494 0.805589
133.38 1.49082 -159.832 0.283933 -0.490646 -0.177426 0.804468
132.934 1.48835 -159.605 0.284595 -0.49249 -0.176357 0.803342
132.488 1.48779 -159.38 0.285254 -0.494331 -0.175287 0.80221
132.041 1.48914 -159.155 0.285912 -0.496169 -0.174215 0.801074
131.594 1.49239 -158.933 0.286568 -0.498004 -0.173143 0.799933
131.145 1.49755 -158.711 0.287222 -0.499836 -0.17207 0.798786
130.696 1.50462 -158.492 0.287874 -0.501665 -0.170995 0.797635
130.247 1.5136 -158.273 0.288525 -0.50349 -0.169919 0.796479
129.796 1.52449 -158.056 0.289174 -0.505313 -0.168843 0.795317
129.345 1.53728 -157.841 0.289821 -0.507132 -0.167765 0.794151
128.893 1.55198 -157.627 0.290466 -0.508948 -0.166686 0.79298
128.441 1.56859 -157.415 0.291109 -0.510761 -0.165606 0.791804
127.988 1.5871 -157.204 0.291751 -0.512571 -0.164526 0.790623
127.535 1.60752 -156.994 0.29239 -0.514377 -0.163444 0.789437
127.08 1.62777 -156.787 0.839062 -0.0168129 -0.543776 0
126.624 1.64188 -156.583 0.839062 -0.0168129 -0.543776 0
126.168 1.65598 -156.379 0.839062 -0.0168129 -0.543776 0
125.711 1.67009 -156.175 0.839062 -0.0168129 -0.543776 0
125.255 1.6842 -155.971 0.839062 -0.0168129 -0.543776 0
124.799 1.69831 -155.767 0.839062 -0.0168129 -0.543776 0
124.342 1.71241 -155.563 0.839062 -0.0168129 -0.543776 0
123.886 1.72652 -155.359 0.839062 -0.0168129 -0.543776 0
123.427 1.73165 -155.162 0.834049 -0.00347499 -0.55168 0
122.967 1.73455 -154.966 0.834049 -0.00347499 -0.55168 0
122.507 1.73745 -154.77 0.834049 -0.00347499 -0.55168 0
122.046 1.74035 -154.575 0.834049 -0.00347499 -0.55168 0
