180.821 -61.7057 -153.482 0.551327 -0.682064 -0.0287783 0.479582
180.478 -61.3433 -153.448 0.551456 -0.682162 -0.0284735 0.479313
180.136 -60.9806 -153.414 0.551585 -0.68226 -0.0281688 0.479043
179.794 -60.6176 -153.38 0.551714 -0.682357 -0.027864 0.478773
179.452 -60.2543 -153.347 0.551843 -0.682455 -0.0275593 0.478502
179.11 -59.8908 -153.313 0.551972 -0.682553 -0.0272545 0.478232
178.769 -59.5269 -153.28 0.5521 -0.68265 -0.0269497 0.477962
178.428 -59.1627 -153.247 0.552229 -0.682747 -0.0266449 0.477692
178.087 -58.7983 -153.214 0.552357 -0.682845 -0.0263402 0.477421
177.747 -58.4336 -153.181 0.552485 -0.682942 -0.0260354 0.477151
177.407 -58.0685 -153.148 0.552614 -0.683039 -0.0257306 0.47688
177.067 -57.7032 -153.115 0.552742 -0.683135 -0.0254258 0.476609
176.727 -57.3376 -153.083 0.55287 -0.683232 -0.025121 0.476338
176.388 -56.9716 -153.05 0.552997 -0.683329 -0.0248162 0.476067
176.049 -56.6054 -153.018 0.553125 -0.683425 -0.0245114 0.475796
175.711 -56.2389 -152.985 0.553253 -0.683521 -0.0242065 0.475525
175.372 -55.8721 -152.953 0.55338 -0.683617 -0.0239017 0.475254
175.035 -55.505 -152.921 0.553508 -0.683713 -0.0235969 0.474983
174.697 -55.1377 -152.889 0.553635 -0.683809 -0.0232921 0.474711
174.359 -54.77 -152.858 0.553762 -0.683905 -0.0229872 0.47444
174.022 -54.402 -152.826 0.553923 -0.683961 -0.0226728 0.474187
173.686 -54.0338 -152.794 0.554083 -0.684017 -0.0223583 0.473934
173.349 -53.6652 -152.763 0.554244 -0.684072 -0.0220438 0.47368
173.013 -53.2964 -152.731 0.554404 -0.684128 -0.0217293 0.473427
172.677 -52.9272 -152.7 0.554564 -0.684183 -0.0214148 0.473174
172.342 -52.5578 -152.668 0.554724 -0.684238 -0.0211003 0.47292
172.007 -52.1881 -152.637 0.554884 -0.684293 -0.0207858 0.472667
171.672 -51.818 -152.606 0.555044 -0.684348 -0.0204713 0.472413
171.338 -51.4477 -152.574 0.555204 -0.684403 -0.0201568 0.472159
171.003 -51.0771 -152.543 0.555364 -0.684458 -0.0198423 0.471905
170.67 -50.7062 -152.512 0.555524 -0.684513 -0.0195278 0.471651
170.336 -50.335 -152.481 0.555683 -0.684567 -0.0192132 0.471397
170.003 -49.9635 -152.45 0.555842 -0.684621 -0.0188987 0.471143
169.67 -49.5917 -152.419 0.556002 -0.684675 -0.0185842 0.470889
169.337 -49.2196 -152.388 0.556161 -0.68473 -0.0182697 0.470634
169.005 -48.8473 -152.358 0.55632 -0.684783 -0.0179551 0.47038
168.673 -48.4746 -152.327 0.556479 -0.684837 -0.0176406 0.470126
168.341 -48.1017 -152.296 0.556638 -0.684891 -0.017326 0.469871
168.01 -47.7284 -152.266 0.556796 -0.684944 -0.0170115 0.469616
167.681 -47.3544 -152.224 0.727462 -0.517547 -0.450494 0
167.353 -46.9779 -152.195 0.727462 -0.517547 -0.450494 0
167.025 -46.6014 -152.166 0.727462 -0.517547 -0.450494 0
166.698 -46.2249 -152.137 0.727462 -0.517547 -0.450494 0
166.37 -45.8484 -152.107 0.727462 -0.517547 -0.450494 0
166.042 -45.4719 -152.078 0.727462 -0.517547 -0.450494 0
165.715 -45.0954 -152.049 0.727462 -0.517547 -0.450494 0
165.387 -44.7189 -152.02 0.727462 -0.517547 -0.450494 0
165.059 -44.3424 -151.991 0.727462 -0.517547 -0.450494 0
164.731 -43.9659 -151.961 0.727462 -0.517547 -0.450494 0
164.404 -43.5894 -151.932 0.727462 -0.517547 -0.450494 0
164.076 -43.2129 -151.903 0.727462 -0.517547 -0.450494 0
163.748 -42.8364 -151.874 0.727462 -0.517547 -0.450494 0
163.42 -42.4599 -151.845 0.727462 -0.517547 -0.450494 0
163.093 -42.0834 -151.815 0.727462 -0.517547 -0.450494 0
162.765 -41.7069 -151.786 0.727462 -0.517547 -0.450494 0
162.437 -41.3304 -151.757 0.727462 -0.517547 -0.450494 0
162.11 -40.9539 -151.728 0.727462 -0.517547 -0.450494 0
161.782 -40.5774 -151.699 0.727462 -0.517547 -0.450494 0
161.454 -40.2009 -151.669 0.727462 -0.517547 -0.450494 0
161.126 -39.8244 -151.64 0.559294 -0.68698 -0.0106299 0.463827
160.802 -39.445 -151.612 0.55946 -0.687019 -0.0103138 0.463577
160.478 -39.0653 -151.584 0.559627 -0.687057 -0.00999773 0.463326
160.154 -38.6853 -151.557 0.559793 -0.687095 -0.00968165 0.463075
159.831 -38.305 -151.529 0.559959 -0.687133 -0.00936557 0.462824
159.508 -37.9244 -151.501 0.560125 -0.687171 -0.00904949 0.462572
159.185 -37.5436 -151.473 0.560291 -0.687209 -0.0087334 0.462321
158.862 -37.1624 -151.446 0.560457 -0.687247 -0.00841731 0.46207
158.54 -36.781 -151.418 0.560623 -0.687284 -0.00810123 0.461818
158.219 -36.3993 -151.391 0.560789 -0.687322 -0.00778514 0.461567
157.897 -36.0173 -151.363 0.560954 -0.687359 -0.00746905 0.461315
157.576 -35.635 -151.336 0.56112 -0.687396 -0.00715295 0.461063
157.255 -35.2525 -151.308 0.561285 -0.687433 -0.00683686 0.460812
156.935 -34.8696 -151.281 0.561451 -0.68747 -0.00652076 0.46056
156.615 -34.4865 -151.254 0.561616 -0.687507 -0.00620467 0.460308
156.552 -34.0103 -151.213 0.561645 -0.687514 -0.00613524 0.460263
156.552 -33.5113 -151.181 0.561645 -0.687514 -0.00613524 0.460263
156.552 -33.0123 -151.15 0.561645 -0.687514 -0.00613524 0.460263
156.552 -32.5133 -151.119 0.561645 -0.687514 -0.00613524 0.460263
156.552 -32.0151 -151.078 0.561644 -0.687515 -0.00613459 0.460263
156.551 -31.5185 -151.02 0.561644 -0.687515 -0.00613459 0.460263
156.293 -31.113 -150.987 0.561706 -0.687623 -0.00590164 0.460028
155.974 -30.7293 -150.96 0.561785 -0.687756 -0.00561274 0.459737
155.655 -30.3454 -150.933 0.561863 -0.687889 -0.00532384 0.459446
155.336 -29.9612 -150.907 0.561941 -0.688021 -0.00503494 0.459155
155.017 -29.5768 -150.88 0.562019 -0.688154 -0.00474603 0.458864
154.699 -29.1921 -150.854 0.562097 -0.688286 -0.00445713 0.458573
154.381 -28.8071 -150.828 0.562175 -0.688419 -0.00416822 0.458281
154.063 -28.4219 -150.802 0.562252 -0.688551 -0.00387931 0.45799
153.746 -28.0364 -150.776 0.56233 -0.688683 -0.00359041 0.457699
153.429 -27.6506 -150.75 0.562407 -0.688815 -0.0033015 0.457407
153.112 -27.2646 -150.725 0.562485 -0.688947 -0.00301259 0.457115
152.796 -26.8783 -150.699 0.562562 -0.689078 -0.00272368 0.456823
152.479 -26.4918 -150.674 0.562639 -0.68921 -0.00243477 0.456531
152.164 -26.105 -150.649 0.562716 -0.689341 -0.00214586 0.456239
151.848 -25.718 -150.625 0.562793 -0.689473 -0.00185695 0.455947
151.533 -25.3306 -150.6 0.56287 -0.689604 -0.00156803 0.455655
151.218 -24.9431 -150.576 0.562947 -0.689735 -0.00127912 0.455363
150.903 -24.5552 -150.552 0.563023 -0.689866 -0.000990211 0.455071
150.589 -24.1668 -150.526 0.563155 -0.689936 -0.000681563 0.454801
150.275 -23.7784 -150.502 0.5633 -0.689993 -0.000369371 0.454536
149.962 -23.3898 -150.478 0.563445 -0.690049 -5.71784e-05 0.454271
149.648 -23.0009 -150.455 0.563591 -0.690105 0.000255014 0.454006
149.335 -22.6117 -150.431 0.563736 -0.69016 0.000567206 0.45374
149.023 -22.2222 -150.407 0.563881 -0.690216 0.000879398 0.453475
148.71 -21.8325 -150.384 0.564026 -0.690271 0.00119159 0.453209
148.398 -21.4425 -150.36 0.564171 -0.690327 0.00150378 0.452944
148.087 -21.0522 -150.337 0.564315 -0.690382 0.00181597 0.452678
147.775 -20.6616 -150.313 0.56446 -0.690437 0.00212816 0.452412
147.464 -20.2708 -150.29 0.564604 -0.690492 0.00244036 0.452147
147.154 -19.8797 -150.267 0.564749 -0.690547 0.00275255 0.451881
146.843 -19.4884 -150.244 0.564893 -0.690602 0.00306474 0.451615
146.533 -19.0967 -150.221 0.565037 -0.690656 0.00337692 0.451349
146.224 -18.7048 -150.198 0.565181 -0.690711 0.00368911 0.451082
145.914 -18.3126 -150.175 0.565325 -0.690765 0.0040013 0.450816
145.606 -17.9202 -150.152 0.565469 -0.690819 0.00431349 0.45055
145.297 -17.5275 -150.13 0.565613 -0.690873 0.00462567 0.450283
144.989 -17.1345 -150.107 0.565756 -0.690927 0.00493786 0.450017
144.681 -16.7412 -150.084 0.5659 -0.690981 0.00525004 0.44975
144.379 -16.3452 -150.027 0.56604 -0.691022 0.00558516 0.449507
144.072 -15.9514 -150.005 0.566195 -0.691061 0.00589947 0.449247
143.765 -15.5573 -149.983 0.566351 -0.6911 0.00621377 0.448987
143.458 -15.163 -149.96 0.566506 -0.691138 0.00652808 0.448727
143.152 -14.7684 -149.938 0.566662 -0.691176 0.00684238 0.448467
142.846 -14.3735 -149.916 0.566817 -0.691214 0.00715668 0.448207
142.54 -13.9784 -149.894 0.566972 -0.691252 0.00747098 0.447947
142.235 -13.583 -149.872 0.567127 -0.69129 0.00778528 0.447687
141.93 -13.1873 -149.85 0.567282 -0.691328 0.00809957 0.447427
141.626 -12.7914 -149.828 0.567437 -0.691365 0.00841387 0.447167
141.321 -12.3952 -149.806 0.567592 -0.691403 0.00872816 0.446906
141.017 -11.9987 -149.784 0.567747 -0.69144 0.00904245 0.446646
140.714 -11.602 -149.762 0.567901 -0.691477 0.00935674 0.446385
140.411 -11.205 -149.74 0.568056 -0.691514 0.00967103 0.446124
140.108 -10.8077 -149.719 0.56821 -0.691551 0.00998531 0.445864
139.805 -10.4102 -149.697 0.568364 -0.691588 0.0102996 0.445603
139.503 -10.0124 -149.675 0.568518 -0.691625 0.0106139 0.445342
139.201 -9.61433 -149.654 0.568672 -0.691661 0.0109282 0.445081
138.9 -9.216 -149.632 0.568826 -0.691698 0.0112424 0.44482
138.599 -8.81741 -149.611 0.56898 -0.691734 0.0115567 0.444559
138.302 -8.41729 -149.561 0.569102 -0.691794 0.0118847 0.444301
138.002 -8.01817 -149.54 0.56923 -0.691859 0.0121942 0.444026
137.701 -7.6188 -149.519 0.569358 -0.691924 0.0125037 0.443751
137.402 -7.21917 -149.498 0.569486 -0.69199 0.0128131 0.443477
137.102 -6.81928 -149.477 0.569614 -0.692055 0.0131226 0.443202
136.803 -6.41913 -149.456 0.569742 -0.69212 0.013432 0.442927
136.504 -6.01872 -149.435 0.56987 -0.692185 0.0137415 0.442651
136.206 -5.61806 -149.414 0.569997 -0.692249 0.014051 0.442376
135.908 -5.21713 -149.394 0.570125 -0.692314 0.0143604 0.442101
135.61 -4.81595 -149.373 0.570252 -0.692378 0.0146699 0.441825
135.313 -4.41451 -149.353 0.570379 -0.692443 0.0149793 0.44155
135.016 -4.01281 -149.333 0.570506 -0.692507 0.0152887 0.441274
134.719 -3.61086 -149.313 0.570633 -0.692571 0.0155982 0.440999
134.423 -3.20864 -149.293 0.57076 -0.692635 0.0159076 0.440723
134.127 -2.80618 -149.273 0.570887 -0.692699 0.016217 0.440447
133.831 -2.40345 -149.253 0.571014 -0.692762 0.0165265 0.440171
133.536 -2.00047 -149.233 0.57114 -0.692826 0.0168359 0.439895
133.241 -1.59724 -149.213 0.571267 -0.692889 0.0171453 0.439619
132.946 -1.19375 -149.194 0.571393 -0.692953 0.0174548 0.439343
132.652 -0.790007 -149.174 0.571519 -0.693016 0.0177642 0.439067
132.361 -0.384517 -149.141 0.571655 -0.693061 0.0180856 0.438806
132.067 0.0197394 -149.121 0.571801 -0.693101 0.0183987 0.438539
131.774 0.424252 -149.102 0.571946 -0.693142 0.0187119 0.438272
131.481 0.82902 -149.083 0.572091 -0.693182 0.019025 0.438005
131.189 1.23404 -149.064 0.572236 -0.693222 0.0193382 0.437738
130.896 1.63932 -149.045 0.572381 -0.693262 0.0196513 0.437471
130.605 2.04486 -149.026 0.572526 -0.693302 0.0199645 0.437204
130.313 2.45065 -149.007 0.572671 -0.693342 0.0202776 0.436937
130.022 2.85669 -148.988 0.572816 -0.693381 0.0205907 0.436669
129.731 3.26299 -148.969 0.57296 -0.693421 0.0209039 0.436402
129.441 3.66954 -148.951 0.573105 -0.69346 0.021217 0.436134
129.151 4.07635 -148.932 0.573249 -0.6935 0.0215301 0.435867
128.861 4.48341 -148.913 0.573394 -0.693539 0.0218433 0.435599
128.571 4.89072 -148.895 0.573538 -0.693578 0.0221564 0.435332
128.282 5.29828 -148.877 0.573682 -0.693617 0.0224695 0.435064
127.994 5.7061 -148.858 0.573826 -0.693655 0.0227826 0.434796
127.705 6.11417 -148.84 0.573969 -0.693694 0.0230957 0.434528
127.417 6.52249 -148.822 0.574113 -0.693732 0.0234088 0.43426
