1.6959 73.3212 -157.268 0.988705 0.00734743 -0.0461892 0.142386
1.65193 73.1674 -157.272 0.988673 0.0074255 -0.0466481 0.142463
1.67165 73.0319 -157.149 0.988764 0.00709274 -0.0466224 0.141849
1.71244 72.8867 -157.031 0.988783 0.00728589 -0.0462879 0.14182
1.81293 72.7748 -156.795 0.988863 0.00692322 -0.0457301 0.141458
1.92688 72.6763 -156.487 0.988853 0.00690062 -0.0450372 0.141754
1.97862 72.5718 -156.272 0.988781 0.00686182 -0.0442679 0.142498
1.99365 72.4014 -156.03 0.98871 0.00675198 -0.0438688 0.143117
1.95277 72.1673 -155.829 0.988705 0.00691911 -0.0437941 0.143166
2.01986 71.9118 -155.675 0.988604 0.00761037 -0.0435165 0.143916
2.22223 71.947 -155.621 0.9886 0.00735664 -0.0427197 0.144193
2.45018 72.1135 -155.654 0.988682 0.00639413 -0.0419158 0.14391
2.55854 72.0047 -155.702 0.988609 0.00638401 -0.0419138 0.144414
2.56007 71.695 -155.787 0.98849 0.00659249 -0.0424055 0.145076
2.46241 71.8522 -155.903 0.988677 0.00673261 -0.0427309 0.143691
2.51069 71.6632 -155.927 0.988613 0.00693286 -0.042483 0.144194
2.52608 71.5048 -155.963 0.988591 0.0068867 -0.0424809 0.144349
2.58495 71.2318 -155.99 0.988506 0.00736824 -0.0422305 0.144972
2.59477 70.2923 -155.995 0.98842 0.00820022 -0.0425905 0.145416
2.40837 69.6713 -155.971 0.988458 0.00943277 -0.0433582 0.144852
2.26061 69.0838 -155.984 0.988407 0.0111319 -0.0438295 0.14494
2.23043 68.7238 -156.008 0.988529 0.0115997 -0.0437198 0.144097
2.11556 68.2619 -156.109 0.988458 0.0125479 -0.0438569 0.144464
1.72696 67.686 -156.314 0.988388 0.0137344 -0.0451512 0.144433
1.29351 67.2263 -156.43 0.988462 0.0153955 -0.0458395 0.143545
1.07432 66.9613 -156.532 0.988416 0.0164112 -0.0462207 0.143626
0.949188 66.9059 -156.507 0.988364 0.0177819 -0.0458461 0.143938
0.716826 66.9752 -156.533 0.98836 0.0190181 -0.0460791 0.143735
0.397466 66.9235 -156.524 0.988296 0.0207681 -0.0466177 0.143755
0.112177 66.9415 -156.442 0.988314 0.0225609 -0.0470274 0.143229
0.0099268 67.1694 -156.298 0.988342 0.0239807 -0.0467039 0.142908
-0.0295529 67.3489 -156.059 0.988481 0.0250617 -0.0463003 0.14189
-0.375467 67.4507 -155.62 0.98859 0.0279613 -0.0459668 0.140697
-0.524917 67.544 -155.436 0.988643 0.0286404 -0.0457245 0.140261
-0.895911 67.4253 -155.265 0.98868 0.0301894 -0.0461538 0.139541
-1.30834 67.2935 -155.21 0.988696 0.0318211 -0.0469818 0.138784
-1.48211 67.4034 -155.13 0.988722 0.0328527 -0.0466725 0.138458
-1.48211 67.4034 -155.13 0.988722 0.0328527 -0.0466725 0.138458
-1.44234 67.6621 -155.071 0.988762 0.0330397 -0.0460343 0.138341
-1.43128 67.852 -155.099 0.988821 0.0337924 -0.0459442 0.137773
-1.35996 67.9106 -155.146 0.98877 0.035111 -0.0459351 0.13781
-1.27316 68.018 -155.245 0.988645 0.0362729 -0.0459515 0.138398
-1.17369 68.1559 -155.356 0.988531 0.0367584 -0.0461357 0.139022
-1.12518 68.2162 -155.478 0.988471 0.0373772 -0.0463119 0.139225
-1.15755 68.1456 -155.597 0.988441 0.038252 -0.0466056 0.1391
-1.25524 67.9682 -155.69 0.9884 0.039303 -0.0472282 0.138886
-1.08491 67.0274 -155.649 0.987905 0.0405532 -0.0467279 0.142186
-1.08893 66.9833 -155.727 0.987819 0.0417901 -0.0468362 0.142386
-1.0668 66.8614 -155.747 0.987699 0.0433096 -0.0469245 0.142735
-1.06491 66.496 -155.791 0.987354 0.0461624 -0.0472202 0.144122
-1.00973 66.2306 -155.804 0.98709 0.0486454 -0.0473772 0.145058
-1.23037 67.4304 -155.704 0.988279 0.0504548 -0.0477334 0.135944
-1.06066 67.6694 -155.766 0.988288 0.0522294 -0.0474973 0.135288
-1.0057 67.8114 -155.9 0.988282 0.0543902 -0.047723 0.134397
-0.935658 68.0147 -156.06 0.988358 0.0569294 -0.0476685 0.132803
-0.883752 68.5907 -156.512 0.98836 0.0614603 -0.0482239 0.130547
-0.829373 69.0964 -156.765 0.988341 0.0629733 -0.0483664 0.12991
-0.656097 69.7399 -157.032 0.988418 0.0641067 -0.048446 0.128737
-0.642175 70.2975 -157.229 0.988543 0.0654619 -0.0486056 0.127027
-0.79072 70.6132 -157.39 0.98847 0.0672433 -0.0490537 0.126492
-0.752986 70.9906 -157.399 0.988403 0.0684997 -0.0491295 0.126312
-0.752986 70.9906 -157.399 0.988403 0.0684997 -0.0491295 0.126312
-0.676227 71.437 -157.223 0.988552 0.0691731 -0.0481024 0.125163
-0.763507 71.5648 -156.98 0.988507 0.0710639 -0.0479786 0.124507
-0.884806 71.4849 -156.75 0.988373 0.0735387 -0.0478436 0.124188
-1.0005 71.4431 -156.657 0.988376 0.0750735 -0.0475644 0.123342
-1.08715 71.2275 -156.6 0.98833 0.0768281 -0.0475915 0.122625
-1.20696 70.2767 -156.768 0.988221 0.0813442 -0.0477606 0.120506
-0.86865 69.6696 -156.763 0.988314 0.0830505 -0.0468541 0.118924
-0.591269 68.5538 -156.745 0.988164 0.0867283 -0.0461733 0.117808
-0.404307 67.1452 -156.911 0.988169 0.0904546 -0.0460314 0.114985
-0.147302 65.4815 -157.14 0.988012 0.0954286 -0.0454931 0.112501
0.258453 63.6202 -157.513 0.987888 0.10005 -0.0451504 0.109679
0.763118 61.5963 -158.02 0.9875 0.105863 -0.0447974 0.107841
1.39706 59.6259 -158.765 0.987065 0.110727 -0.0447303 0.106969
2.2074 57.8996 -159.62 0.986381 0.115846 -0.0445697 0.107916
3.29374 56.3835 -160.416 0.98578 0.120327 -0.0436571 0.10887
4.51002 54.965 -161.11 0.985029 0.125861 -0.042662 0.1098
5.42363 53.5969 -161.917 0.984354 0.131262 -0.0426818 0.109526
6.14989 52.4923 -162.679 0.983692 0.136503 -0.0430095 0.108938
6.14989 52.4923 -162.679 0.983692 0.136503 -0.0430095 0.108938
6.99462 51.6397 -163.369 0.983052 0.141169 -0.0431171 0.108722
7.74472 51.0647 -164.017 0.982598 0.144494 -0.043252 0.108402
8.35491 50.6241 -164.646 0.981999 0.147992 -0.0437845 0.108905
8.93632 50.3867 -165.193 0.981604 0.150092 -0.0442182 0.109411
9.41518 50.4634 -165.666 0.981272 0.151484 -0.0444108 0.110389
9.80863 50.6502 -166.08 0.981065 0.152537 -0.044513 0.110739
9.97343 50.8621 -166.434 0.981117 0.153014 -0.0450322 0.109405
10.0356 51.0368 -166.64 0.981024 0.154192 -0.0456881 0.108297
10.04 51.2516 -166.772 0.981021 0.154619 -0.0461711 0.107509
9.96579 51.5207 -166.799 0.980987 0.155236 -0.0464704 0.106806
9.8409 51.8855 -166.743 0.981055 0.155227 -0.0468786 0.106016
9.76744 52.5423 -166.632 0.981355 0.154037 -0.0467762 0.10501
9.73243 53.395 -166.491 0.9816 0.152403 -0.0464587 0.105249
9.43948 54.2581 -166.454 0.981907 0.150034 -0.0468153 0.105632
9.07439 55.2188 -166.415 0.982267 0.147857 -0.0473516 0.105108
7.92255 57.3069 -166.513 0.983263 0.141568 -0.0488389 0.103767
7.13686 58.1189 -166.599 0.983615 0.138886 -0.0500956 0.10345
6.29166 58.7404 -166.777 0.983872 0.136654 -0.0515484 0.103267
5.47103 59.1623 -166.96 0.984103 0.134359 -0.0526774 0.103512
4.6825 59.5594 -167.216 0.984278 0.132232 -0.0540311 0.103884
4.04804 59.9421 -167.414 0.984427 0.130335 -0.0547736 0.104478
3.50227 60.5797 -167.691 0.984912 0.126846 -0.0554732 0.103835
3.01091 61.341 -168.008 0.985372 0.123004 -0.0559835 0.10382
2.45396 61.6187 -168.408 0.985529 0.120975 -0.0570896 0.104106
1.66823 61.3666 -168.942 0.985565 0.120478 -0.0589402 0.103304
1.03595 60.8906 -169.431 0.985662 0.120566 -0.0597162 0.101822
0.563935 60.0872 -169.864 0.98556 0.121964 -0.0605761 0.100633
0.166866 59.2447 -170.339 0.985412 0.123366 -0.0619202 0.0995524
0.0813234 58.8601 -170.67 0.985478 0.123144 -0.0613064 0.0995529
0.307519 58.7626 -170.818 0.98557 0.122607 -0.0604074 0.0998565
0.37544 58.4153 -171.049 0.985319 0.123467 -0.0602058 0.101381
0.241278 57.8312 -171.336 0.985132 0.124359 -0.0615674 0.101287
0.152746 57.2918 -171.583 0.985053 0.125052 -0.0622184 0.100804
0.18812 56.7591 -171.732 0.984862 0.126228 -0.0626585 0.100939
0.272649 56.2706 -171.786 0.984926 0.126606 -0.062271 0.100072
0.307765 55.7318 -171.82 0.984828 0.126928 -0.0627034 0.100359
0.17473 55.2822 -171.876 0.984703 0.127293 -0.0633663 0.100702
0.110291 55.0026 -171.86 0.984695 0.126863 -0.0634152 0.101289
0.110129 54.9455 -171.719 0.984843 0.126262 -0.0626154 0.101097
-0.0199502 54.8178 -171.592 0.98483 0.126019 -0.0627809 0.101429
-0.297353 54.6133 -171.46 0.984729 0.126358 -0.0631354 0.101766
-0.474633 54.6745 -171.24 0.984962 0.125654 -0.0625176 0.100754
-0.699349 54.7926 -171.095 0.985002 0.125472 -0.06259 0.100556
-0.917222 54.9897 -170.998 0.985071 0.125314 -0.0624746 0.100141
-0.897816 55.2958 -170.932 0.985142 0.124538 -0.0621531 0.100611
-1.06962 55.4554 -170.968 0.985103 0.124389 -0.0626025 0.100906
-1.36927 55.4861 -171.02 0.984989 0.124715 -0.06307 0.101323
-1.51043 55.5491 -171.039 0.985066 0.124436 -0.0626173 0.101194
-1.51043 55.5491 -171.039 0.985066 0.124436 -0.0626173 0.101194
-1.76936 55.5658 -171.139 0.985033 0.124689 -0.0631531 0.100871
-2.06149 55.621 -171.253 0.984885 0.125472 -0.0637985 0.100932
-2.1677 55.9722 -171.396 0.985041 0.124709 -0.0629478 0.10089
-2.18615 56.4809 -171.54 0.98522 0.123882 -0.0625675 0.100393
-2.31175 56.7864 -171.677 0.985261 0.12356 -0.0626815 0.10032
-2.58572 56.9433 -171.825 0.985285 0.123685 -0.0629463 0.0997702
-2.84546 57.152 -171.999 0.985458 0.123133 -0.0631294 0.098615
-3.01758 57.2724 -172.101 0.985302 0.123765 -0.0632901 0.0992806
-3.31868 57.2065 -172.225 0.985138 0.124697 -0.0637529 0.0994463
-3.53874 57.1547 -172.199 0.98519 0.124917 -0.0634421 0.0988474
-3.65603 57.2824 -172.156 0.985318 0.124865 -0.0632602 0.0977557
-3.82669 57.4803 -172.183 0.985475 0.124524 -0.0629114 0.0968197
-4.1053 57.6827 -172.247 0.985604 0.12384 -0.0632386 0.0961733
-4.28627 57.9135 -172.203 0.985737 0.123256 -0.0628479 0.0958157
-4.40805 58.1225 -172.022 0.985761 0.122875 -0.0626307 0.0962002
-3.75153 57.8147 -171.898 0.985826 0.122417 -0.06237 0.0962923
-4.65924 58.4806 -171.605 0.985824 0.122294 -0.0617579 0.0968537
-4.90068 58.6523 -171.472 0.985983 0.121455 -0.0618924 0.0962083
-5.13059 58.8833 -171.372 0.986216 0.120494 -0.0615605 0.0952386
-5.60475 58.9113 -171.382 0.986371 0.119639 -0.062281 0.094235
-6.13506 58.8382 -171.38 0.986507 0.118881 -0.0633247 0.0930643
-6.51975 58.9004 -171.286 0.986681 0.117543 -0.0637142 0.0926515
-6.59307 59.1301 -170.948 0.986951 0.115369 -0.0628741 0.0930803
-6.61364 59.524 -170.55 0.987438 0.112236 -0.06178 0.0924874
-6.72814 59.6917 -170.068 0.987672 0.110609 -0.0609224 0.0925155
-6.72814 59.6917 -170.068 0.987672 0.110609 -0.0609224 0.0925155
-6.97648 59.6887 -169.774 0.98781 0.108714 -0.0610739 0.0931846
-7.03888 59.9958 -169.516 0.988181 0.105309 -0.0607418 0.0933723
-6.99005 60.3238 -169.327 0.988429 0.102042 -0.0602164 0.0947039
-7.16929 60.4453 -169.36 0.988528 0.0993865 -0.06037 0.0963861
-7.44585 60.3187 -169.546 0.988541 0.0975273 -0.0609426 0.0977771
-7.80244 60.051 -169.823 0.988659 0.0953898 -0.0617847 0.0981671
-8.14374 59.8794 -170.165 0.988819 0.0934241 -0.0629211 0.0977226
-8.34125 59.7836 -170.452 0.988962 0.0912393 -0.063132 0.0982034
-8.48557 59.5981 -170.661 0.988979 0.0897332 -0.0631139 0.0994263
-8.56423 59.3018 -170.715 0.989074 0.0885061 -0.0628882 0.0997237
-8.57689 58.9993 -170.746 0.989153 0.0869503 -0.062602 0.100486
-8.51989 58.7787 -170.598 0.989297 0.0855197 -0.0621486 0.100575
-8.5448 58.6197 -170.584 0.989441 0.0836527 -0.0620548 0.100782
-8.46883 58.3104 -170.434 0.989539 0.081552 -0.0618486 0.10167
-8.63203 57.5471 -170.322 0.989414 0.0811268 -0.0622794 0.102957
-8.90495 56.5988 -170.182 0.989299 0.0813916 -0.0631923 0.10329
-9.17192 55.9162 -169.965 0.989448 0.0810153 -0.0633534 0.102056
-9.2832 56.0173 -169.741 0.989972 0.0783148 -0.0627014 0.0994543
-9.07824 56.6307 -169.404 0.990449 0.0745779 -0.0608098 0.0987529
-8.81993 57.4138 -169.07 0.990852 0.0705964 -0.0594669 0.0984493
-8.73303 58.3997 -168.76 0.99125 0.0655634 -0.0585701 0.0984624
-8.5154 59.3672 -168.244 0.991671 0.0610642 -0.0571143 0.0979655
-8.38785 59.6612 -167.548 0.991846 0.0591814 -0.056388 0.0977753
-8.44457 59.6844 -166.94 0.992008 0.0581745 -0.0559147 0.0970021
-8.38547 59.7973 -166.449 0.992165 0.0565841 -0.0554034 0.0966293
-8.31004 59.7084 -166.076 0.992273 0.0552096 -0.0551321 0.096475
-8.36993 59.4788 -165.901 0.992196 0.054204 -0.0552887 0.097738
-8.2393 59.423 -165.723 0.992242 0.0525415 -0.0548621 0.0984195
-8.2393 59.423 -165.723 0.992242 0.0525415 -0.0548621 0.0984195
-8.01623 59.47 -165.57 0.992277 0.0504303 -0.0543805 0.0994251
-7.89203 59.5699 -165.514 0.992235 0.048648 -0.0539271 0.100967
-7.43212 59.7661 -165.285 0.992417 0.0449746 -0.0553426 0.100118
-7.37985 59.8796 -165.577 0.992366 0.0440652 -0.0528882 0.102323
-7.22671 59.8379 -165.809 0.992326 0.0422806 -0.052705 0.103559
-7.11048 59.6475 -165.997 0.992384 0.0403948 -0.0526583 0.10378
-7.055 59.1885 -166.168 0.992313 0.0398873 -0.0531118 0.104418
-6.9976 58.5255 -166.31 0.992187 0.0402311 -0.0535347 0.105262
-6.82804 57.9958 -166.525 0.992233 0.0397724 -0.053536 0.105005
-6.61152 57.602 -166.709 0.992252 0.0390847 -0.0531706 0.10527
-6.46624 57.1726 -166.921 0.992212 0.0382518 -0.053309 0.105879
-6.3672 56.773 -167.146 0.992097 0.0378709 -0.05387 0.106806
-6.30717 56.3511 -167.233 0.992029 0.0376857 -0.0542226 0.107324
-6.28605 56.0604 -167.295 0.992025 0.0371606 -0.0542216 0.107544
-6.30544 55.6611 -167.198 0.992007 0.0378152 -0.0540735 0.107552
-6.59193 54.7264 -167.074 0.991753 0.0409641 -0.0548355 0.10836
-6.87635 53.9178 -167.187 0.991553 0.0432905 -0.0556217 0.108883
-7.01281 53.3614 -167.343 0.991309 0.0460538 -0.0559776 0.109786
-7.24656 52.9772 -167.706 0.991135 0.0478579 -0.0570777 0.110021
-7.22015 52.8806 -168.085 0.99092 0.0493607 -0.0575066 0.11106
-7.05464 53.0902 -168.453 0.990999 0.0499805 -0.0570618 0.110309
-6.98257 53.1668 -168.757 0.990911 0.0517852 -0.057346 0.110114
-7.06764 53.2498 -169.103 0.990766 0.0533936 -0.0580269 0.110298
-6.89062 53.6628 -169.347 0.990801 0.0539339 -0.0576419 0.109922
-6.69783 53.9643 -169.473 0.990781 0.0547643 -0.0573325 0.109849
-6.63324 54.1247 -169.572 0.990673 0.055773 -0.0573197 0.110317
-6.49601 54.3085 -169.487 0.990767 0.0559916 -0.0566365 0.109717
-6.36808 54.2515 -169.344 0.990724 0.0568386 -0.0563777 0.109802
-6.36808 54.2515 -169.344 0.990724 0.0568386 -0.0563777 0.109802
-6.5447 53.919 -169.129 0.990505 0.0584721 -0.0569567 0.110619
-6.17662 54.164 -168.466 0.990722 0.0581115 -0.054796 0.109962
-6.17599 53.9585 -168.149 0.990531 0.0593456 -0.0549656 0.11093
-6.25109 53.8102 -167.884 0.990475 0.0600946 -0.0547738 0.111117
-6.12628 53.8398 -167.581 0.990576 0.0598384 -0.0540441 0.11072
-6.13404 53.7384 -167.278 0.990441 0.0608499 -0.0537445 0.11152
-6.13404 53.7384 -167.278 0.990441 0.0608499 -0.0537445 0.11152
-6.18019 53.6721 -166.987 0.990353 0.0614609 -0.0532704 0.112185
-6.08362 53.7668 -166.638 0.990405 0.0617502 -0.0526537 0.11186
-6.09203 53.8028 -166.345 0.990312 0.0630943 -0.0522285 0.112132
-6.1316 53.7882 -166.151 0.990366 0.0644568 -0.0518474 0.111048
-6.24687 53.6274 -166.208 0.99039 0.0659137 -0.0523123 0.109754
-6.48628 53.3351 -166.503 0.990213 0.0677463 -0.053018 0.109897
-6.5099 53.1538 -166.859 0.990098 0.0686562 -0.0535262 0.110122
-6.48259 53.0558 -167.329 0.990158 0.0691324 -0.0540944 0.109003
-6.64085 52.8363 -167.773 0.990109 0.0703941 -0.0550137 0.108184
-6.81781 52.5966 -168.178 0.98999 0.0719562 -0.0561255 0.107672
-6.92059 52.4787 -168.5 0.989822 0.0734724 -0.0567537 0.107858
-6.8674 52.5305 -168.648 0.989805 0.074584 -0.0568982 0.10717
-6.69605 52.6696 -168.615 0.989745 0.0759427 -0.0564422 0.107016
-6.51667 52.6323 -168.494 0.989491 0.0782957 -0.0565448 0.107614
-6.40994 52.6698 -168.431 0.989484 0.0796769 -0.0562947 0.106795
-6.25236 52.9128 -168.449 0.989507 0.0807119 -0.0556064 0.106163
-6.03909 51.8335 -168.544 0.988808 0.0812351 -0.0559506 0.111938
-6.00069 51.8906 -168.605 0.988704 0.0827177 -0.0560444 0.111723
-6.19149 53.5804 -168.688 0.989401 0.0831955 -0.0557391 0.105158
-6.13445 54.0069 -168.684 0.989499 0.0834719 -0.0553452 0.104213
-6.26626 54.0618 -168.549 0.989433 0.0854121 -0.0555807 0.103147
-6.3843 54.0755 -168.515 0.989263 0.0874118 -0.0562799 0.102718
-6.25183 54.5472 -168.42 0.989429 0.0877212 -0.0553096 0.101377
-6.12252 55.0255 -168.263 0.989446 0.088422 -0.0551889 0.100664
-6.22134 55.2617 -168.18 0.989339 0.090007 -0.0554824 0.100147
-6.19074 55.5495 -168.102 0.989273 0.0908965 -0.0554045 0.100038
-6.05032 56.0177 -168.01 0.989231 0.0914227 -0.0554607 0.0999372
-6.01752 56.3379 -167.901 0.989194 0.09214 -0.055461 0.0996487
-6.05714 56.5273 -167.794 0.989143 0.0934606 -0.0553866 0.0989619
-6.0488 56.7988 -167.699 0.989153 0.0940139 -0.0553354 0.0983745
-5.98366 57.0923 -167.547 0.98915 0.0945578 -0.0548646 0.0981325
-5.94983 57.3407 -167.432 0.989117 0.0950691 -0.0544723 0.0981925
-5.99384 57.4278 -167.341 0.989113 0.0953931 -0.054527 0.0978875
-6.05073 57.3253 -167.213 0.989015 0.0964211 -0.054437 0.0979232
-6.08525 57.2568 -167.049 0.989024 0.0968502 -0.0544216 0.0974151
-6.0824 57.2659 -166.912 0.988993 0.0969388 -0.0540634 0.0978446
-6.06768 57.2111 -166.763 0.98895 0.097634 -0.053581 0.0978545
-6.26131 56.8838 -166.693 0.988792 0.0989639 -0.0541311 0.0978068
-6.38984 56.7502 -166.775 0.988724 0.0990276 -0.0545641 0.0981849
-6.28748 56.8614 -166.807 0.988752 0.0985327 -0.0539032 0.0987745
-5.85854 56.6607 -166.983 0.98877 0.0982006 -0.0538301 0.0989622
-5.93857 56.5837 -167.152 0.988737 0.0983523 -0.0539947 0.0990528
-6.40248 56.5173 -167.702 0.988584 0.0981298 -0.0551002 0.100183
-6.36649 56.1592 -168.029 0.988663 0.0978241 -0.055073 0.0997145
-6.36649 56.1592 -168.029 0.988663 0.0978241 -0.055073 0.0997145
-6.33809 55.8933 -168.035 0.988646 0.0976229 -0.0550226 0.100113
-6.24683 55.6691 -167.908 0.98863 0.0975477 -0.0545937 0.100576
-6.32912 55.3825 -167.815 0.988621 0.0977449 -0.0545715 0.100484
-6.4512 55.238 -167.81 0.988622 0.0971356 -0.0545308 0.101082
-6.52553 55.3056 -167.852 0.988713 0.0956406 -0.0547016 0.101528
-6.37061 55.6914 -167.913 0.988983 0.0953943 -0.0545381 0.099191
-6.45278 55.8077 -167.966 0.989213 0.0937758 -0.0547431 0.0983307
-6.45689 55.8458 -168.011 0.989278 0.0930292 -0.0546807 0.0984164
-6.51503 56.0561 -168.148 0.989514 0.0911775 -0.0549119 0.0976349
-6.58154 56.318 -168.692 0.98923 0.0885062 -0.0552227 0.102672
-6.53729 56.5542 -168.921 0.989322 0.0866229 -0.0555698 0.103206
-6.5715 56.4781 -168.962 0.989202 0.0864102 -0.055883 0.104359
-6.59415 56.4604 -168.837 0.989353 0.0855121 -0.0554825 0.103875
-6.48723 56.4742 -168.621 0.989415 0.0850801 -0.0547114 0.104046
-6.5364 56.3656 -168.572 0.989376 0.0848121 -0.0547157 0.104637
-6.66561 56.2535 -168.564 0.98939 0.083863 -0.0552213 0.105
-6.52382 56.5996 -168.595 0.989954 0.0826604 -0.0552227 0.100542
-6.49649 56.5551 -168.607 0.989888 0.0823316 -0.0551414 0.1015
-6.47548 56.6406 -168.634 0.98993 0.0814396 -0.0551957 0.101784
-6.47775 56.7173 -168.589 0.989958 0.080741 -0.0552254 0.102053
-6.45747 56.8427 -168.533 0.990004 0.0800336 -0.0550693 0.102242
-6.39328 57.0379 -168.47 0.990129 0.0789911 -0.0547677 0.102008
-6.39816 56.929 -168.495 0.989967 0.0795478 -0.0546309 0.103209
-6.4461 56.8165 -168.596 0.989869 0.0797278 -0.0548687 0.103886
-6.47919 56.7274 -168.719 0.989822 0.0797277 -0.0550337 0.104246
-6.4951 56.5589 -168.816 0.98972 0.0800556 -0.0553006 0.104821
-6.44969 56.3655 -168.801 0.989669 0.0801235 -0.0553054 0.10525
-6.34522 56.2916 -168.725 0.989719 0.0797108 -0.0549882 0.105256
-6.34522 56.2916 -168.725 0.989719 0.0797108 -0.0549882 0.105256
-6.21549 56.2557 -168.587 0.989793 0.0791262 -0.0547275 0.10514
-6.0788 55.5862 -168.234 0.989458 0.0792428 -0.0542955 0.108371
-6.0184 55.4356 -168.007 0.989545 0.0790852 -0.0540731 0.10781
-5.89447 55.2021 -167.77 0.989531 0.078996 -0.0533216 0.10838
-5.81423 54.8763 -167.513 0.989588 0.0792183 -0.0533031 0.107695
-5.8133 54.4687 -167.392 0.989499 0.0797975 -0.053585 0.10795
-5.83724 53.9848 -167.385 0.989293 0.0805281 -0.0538702 0.109149
-5.93351 53.6602 -167.483 0.989226 0.0812024 -0.053932 0.109221
-5.89669 53.7062 -167.63 0.989291 0.0809195 -0.0539973 0.108812
-5.70987 54.0127 -167.73 0.989284 0.0811153 -0.0540215 0.108714
-5.38579 54.4866 -167.729 0.989505 0.0808635 -0.0531859 0.1073
-5.04274 54.8961 -167.688 0.989623 0.0806285 -0.0529078 0.10652
-5.0243 54.9627 -167.672 0.989556 0.081594 -0.0528968 0.106416
-5.13742 53.9793 -167.588 0.98911 0.0827678 -0.0535753 0.109271
-5.16044 54.9988 -167.354 0.98946 0.0827537 -0.0529697 0.106378
-5.02997 55.3027 -167.026 0.989604 0.0824502 -0.0520522 0.105724
-5.41219 55.1012 -166.412 0.989432 0.0838116 -0.0520997 0.106237
-5.22681 55.359 -165.802 0.989733 0.0814638 -0.0531099 0.104743
-5.29436 55.6639 -165.576 0.989543 0.0830441 -0.0502024 0.106717
-5.46023 55.6505 -165.152 0.989445 0.0837232 -0.0499846 0.107194
-5.46023 55.6505 -165.152 0.989445 0.0837232 -0.0499846 0.107194
-5.73747 55.7046 -164.795 0.989483 0.0839709 -0.0503472 0.106483
-5.73839 56.0589 -164.546 0.989526 0.0837746 -0.0493805 0.106692
-5.69868 56.3908 -164.317 0.989635 0.0832824 -0.048573 0.106431
-6.02045 56.3836 -164.367 0.989529 0.0840084 -0.0497597 0.106298
-6.18631 56.4722 -164.493 0.989491 0.084268 -0.0499618 0.106352
-6.14843 56.7501 -164.65 0.989623 0.0832894 -0.0500205 0.105859
-6.22292 56.9019 -164.872 0.989581 0.0831602 -0.0502386 0.106253
-6.36424 56.8881 -165.084 0.989585 0.0832307 -0.0507172 0.105936
-6.50019 56.7316 -165.212 0.989518 0.0839656 -0.0509087 0.105888
-6.51723 56.3896 -165.511 0.989425 0.0845884 -0.0513238 0.10606
-6.69707 56.1678 -165.825 0.989339 0.0850328 -0.0520713 0.106148
-6.69891 56.1218 -166.217 0.989295 0.0851028 -0.0522175 0.106423
-6.7118 55.9837 -166.568 0.98931 0.0848344 -0.0533606 0.105933
-6.81374 55.6992 -166.855 0.989062 0.0856539 -0.0539606 0.107273
-6.69593 55.681 -167.039 0.989103 0.0852141 -0.0530786 0.107683
-6.51474 55.6611 -167.21 0.989113 0.0849989 -0.0528371 0.107888
-6.66986 55.3325 -167.442 0.988965 0.086006 -0.0539346 0.1079
-6.77462 55.066 -167.74 0.988943 0.0857533 -0.0546241 0.107954
-6.61683 55.0411 -167.926 0.989088 0.0851908 -0.0542763 0.107245
-6.62541 54.7622 -168.034 0.988959 0.0861457 -0.0548865 0.107359
-6.67764 54.5297 -168.098 0.988893 0.0867942 -0.0552947 0.10724
-6.45247 54.626 -168.017 0.98904 0.085891 -0.0544167 0.107053
-6.27615 54.8056 -167.948 0.989128 0.085281 -0.054126 0.106884
-6.26648 54.8361 -167.885 0.9891 0.08491 -0.0543252 0.107332
-6.24187 54.8495 -167.877 0.989293 0.0842041 -0.0540928 0.106219
-6.16038 54.844 -167.791 0.989357 0.0838704 -0.054007 0.105928
-6.17633 54.7943 -167.715 0.98933 0.0839329 -0.054366 0.105955
-6.13621 54.8841 -167.557 0.989424 0.0834264 -0.0542413 0.105533
-6.22358 55.2513 -167.095 0.989526 0.0824997 -0.0531692 0.105859
-6.28678 55.2148 -166.821 0.989546 0.0826335 -0.0530341 0.105628
-6.40405 55.0476 -166.543 0.989466 0.0831238 -0.0532946 0.105868
-6.40405 55.0476 -166.543 0.989466 0.0831238 -0.0532946 0.105868
-6.39406 55.0976 -166.364 0.989618 0.0827754 -0.0527853 0.104967
-6.36405 55.0616 -166.325 0.989431 0.0832212 -0.0528914 0.106316
-6.46681 55.026 -166.39 0.989437 0.0835169 -0.053037 0.105956
-6.57509 55.0799 -166.63 0.989521 0.0829899 -0.0533468 0.105431
-6.65112 55.098 -166.803 0.989481 0.082962 -0.0534028 0.105797
-6.74789 55.0814 -166.959 0.989515 0.0828969 -0.0538665 0.105292
-6.87022 55.1109 -167.209 0.989533 0.0822826 -0.0541899 0.105439
-6.9881 55.081 -167.351 0.98952 0.0822704 -0.0541572 0.105593
-7.0819 55.0707 -167.489 0.989598 0.0817089 -0.0545024 0.105113
-7.13007 55.1591 -167.559 0.989547 0.0815566 -0.0543893 0.105771
-7.08222 55.3339 -167.53 0.989628 0.0814572 -0.0538642 0.105354
-7.12617 55.463 -167.64 0.989582 0.0812914 -0.0543921 0.105645
-7.14369 55.7879 -167.694 0.989764 0.0803446 -0.0543022 0.104703
-6.89182 55.5743 -167.618 0.98995 0.0796922 -0.0540841 0.103554
-6.98 55.6617 -167.655 0.989975 0.0794329 -0.0542305 0.103434
-7.02854 55.8138 -167.651 0.990055 0.0787921 -0.0542754 0.103135
-7.01598 55.9355 -167.64 0.99007 0.0786134 -0.0540894 0.103226
-7.09759 55.9165 -167.686 0.989984 0.078973 -0.054208 0.103708
-7.21768 55.9554 -167.777 0.989982 0.078853 -0.0544393 0.103708
-7.21814 55.961 -167.777 0.989917 0.0791787 -0.0543628 0.104113
-7.21998 55.9679 -167.724 0.989845 0.0796114 -0.0541804 0.104566
-7.21998 55.9679 -167.724 0.989845 0.0796114 -0.0541804 0.104566
-7.17872 56.0258 -167.634 0.98978 0.0800408 -0.0538819 0.105004
-7.09231 56.1791 -167.504 0.989801 0.0800009 -0.0535758 0.104991
-7.04153 56.3767 -167.351 0.989908 0.0794818 -0.0532596 0.104532
-7.34049 57.1634 -167.063 0.990029 0.0794114 -0.0525989 0.103781
-7.4602 57.0752 -166.792 0.989966 0.0794287 -0.0523648 0.104483
-7.38387 57.1383 -166.373 0.990098 0.0785088 -0.0518083 0.104206
-7.40097 57.2086 -165.951 0.990222 0.0780703 -0.0507913 0.10386
-7.42096 57.14 -165.496 0.990214 0.0776136 -0.0505036 0.104419
-7.41339 57.1863 -164.982 0.990329 0.0770871 -0.0495507 0.104168
-7.43366 57.2617 -164.529 0.990403 0.0767177 -0.0490523 0.103971
-7.47361 57.2145 -164.076 0.990451 0.0765453 -0.0485752 0.103868
-7.53856 57.0218 -163.735 0.990416 0.0761869 -0.0487859 0.104362
-7.5687 56.8887 -163.391 0.99047 0.0756901 -0.048506 0.104342
-7.57452 56.7121 -163.065 0.990448 0.0757781 -0.0480963 0.104674
-7.67432 56.4663 -162.815 0.990459 0.0756748 -0.04789 0.104744
-7.78459 56.1229 -162.594 0.99043 0.0760089 -0.0479735 0.104743
-7.98661 55.8265 -162.426 0.990449 0.0760174 -0.0478341 0.104612
-8.07152 55.5413 -162.152 0.99047 0.0760494 -0.0477334 0.104442
-8.21257 55.2269 -161.861 0.990359 0.0767003 -0.0475656 0.105092
-8.25527 55.1524 -161.492 0.990357 0.0765714 -0.0470642 0.105429
-8.1593 55.2264 -161.048 0.990313 0.0765543 -0.0463837 0.106152
-8.07288 55.4022 -160.644 0.990427 0.075869 -0.0457649 0.105855
-8.17334 55.4477 -160.295 0.990424 0.0761299 -0.0457004 0.105717
-8.31522 55.3384 -159.838 0.990344 0.0770136 -0.0457168 0.105823
-8.29004 55.4903 -159.326 0.990467 0.0766117 -0.044953 0.105286
-8.20323 55.6289 -158.765 0.990527 0.0765507 -0.0438703 0.105224
-8.42993 55.4628 -158.355 0.990425 0.0774476 -0.0439953 0.105476
-8.66814 55.2677 -157.982 0.990251 0.0786098 -0.0443667 0.106086
-8.49663 55.4441 -157.481 0.990376 0.0784756 -0.0428974 0.105631
-8.29315 55.7199 -157.056 0.990468 0.0782267 -0.0419193 0.105339
-8.38297 55.7635 -156.816 0.990331 0.0790297 -0.0423378 0.10586
-8.40845 55.9861 -156.675 0.990419 0.0785467 -0.0421229 0.105484
-8.39489 56.3683 -156.588 0.990592 0.0777446 -0.0416862 0.10462
-8.49097 56.4725 -156.474 0.990564 0.0778937 -0.0418062 0.10473
-8.63912 56.522 -156.467 0.990552 0.0777406 -0.0422638 0.104777
-8.64299 56.6318 -156.341 0.990531 0.0777317 -0.042494 0.104885
-8.63508 56.6387 -156.14 0.990586 0.0775351 -0.0422362 0.104615
-8.72983 56.4604 -155.852 0.990431 0.0785228 -0.0424068 0.105273
-8.70944 56.449 -155.455 0.990509 0.0780907 -0.0419253 0.105053
-8.51514 56.5091 -154.928 0.990543 0.0782884 -0.0409798 0.104964
-8.53054 56.388 -154.485 0.990535 0.0785688 -0.0406048 0.10497
-8.57108 56.3366 -154.147 0.990466 0.0788923 -0.0403713 0.105468
-8.40039 56.5144 -153.839 0.990597 0.07804 -0.0396069 0.105159
-8.30516 56.5546 -153.62 0.990526 0.0783518 -0.039804 0.105519
-8.40426 56.3674 -153.445 0.990498 0.0785954 -0.039947 0.105547
-8.3713 56.3048 -153.339 0.990567 0.0781055 -0.0400099 0.105239
-8.27002 56.2777 -153.112 0.990602 0.0780795 -0.0395802 0.105092
-8.19042 56.0444 -152.919 0.990459 0.0786568 -0.0397021 0.105963
-8.13148 55.822 -152.839 0.990494 0.0785333 -0.0397309 0.105715
-8.09675 55.5611 -152.734 0.99048 0.0788892 -0.0395828 0.105635
-8.03356 55.3192 -152.655 0.990535 0.0783666 -0.0398157 0.105424
-7.94784 55.1335 -152.576 0.990542 0.0781968 -0.0394354 0.105623
-7.82214 54.8611 -152.394 0.990417 0.0782425 -0.0390756 0.106889
-7.62974 54.7952 -152.269 0.990484 0.0774366 -0.0385223 0.107055
-7.46904 54.7585 -152.168 0.990495 0.0772719 -0.038292 0.107158
-7.46904 54.7585 -152.168 0.990495 0.0772719 -0.038292 0.107158
-7.37488 54.5728 -152.121 0.990514 0.0772635 -0.0379453 0.107108
-7.44652 54.352 -152.184 0.990437 0.07774 -0.0382386 0.107377
-7.44324 54.2761 -152.268 0.990386 0.0774956 -0.0384465 0.107948
-7.45648 54.3912 -152.386 0.990445 0.0770127 -0.0385191 0.10772
-7.4739 54.3345 -152.49 0.990481 0.0774069 -0.0388784 0.106976
-7.5011 54.4178 -152.574 0.990511 0.0770084 -0.0391352 0.106893
-7.61409 55.2549 -152.845 0.990487 0.0764682 -0.0392173 0.107476
-7.6516 55.6837 -153.058 0.990425 0.0765459 -0.0395382 0.107867
-7.83868 55.9973 -153.35 0.990438 0.0767739 -0.0401675 0.107359
-8.06802 56.3075 -153.732 0.990416 0.0769553 -0.0411981 0.107034
-8.162 56.5979 -153.986 0.990466 0.0771401 -0.0414287 0.106354
-8.30885 56.8377 -154.213 0.990445 0.0772994 -0.0419491 0.106221
-8.42088 56.9806 -154.282 0.990515 0.0773412 -0.0417606 0.105619
-8.63684 56.9221 -154.245 0.990501 0.0783698 -0.0418001 0.104965
-8.83813 56.8726 -154.201 0.990589 0.078089 -0.0416939 0.104387
-8.94759 56.932 -154.095 0.990619 0.077891 -0.0418207 0.104205
-9.04766 56.8927 -153.813 0.990582 0.0781466 -0.0413375 0.10456
-9.09627 56.7851 -153.493 0.990583 0.0778438 -0.0410011 0.104904
-9.22039 56.6177 -153.104 0.990545 0.0781782 -0.0406942 0.105131
-9.33352 56.5072 -152.751 0.990538 0.07843 -0.0403488 0.105149
-9.22553 56.6152 -152.45 0.990662 0.0779139 -0.0396587 0.104622
-9.17233 56.7053 -152.291 0.990704 0.0773917 -0.0398049 0.104557
-9.23035 56.6109 -152.135 0.990634 0.0776639 -0.0398428 0.105
-8.74671 56.0792 -151.187 0.990658 0.0777446 -0.0381563 0.10534
-8.7379 55.5504 -150.704 0.990565 0.0782758 -0.0374265 0.10608
-8.94034 55.048 -150.452 0.990467 0.0783615 -0.0371586 0.107019
-9.0924 54.7264 -150.302 0.99045 0.0780337 -0.0374083 0.10733
-9.14117 54.6572 -150.301 0.990441 0.0777811 -0.0375672 0.107544
-9.03891 54.7953 -150.365 0.990453 0.0775099 -0.0375513 0.107637
-8.98057 54.9356 -150.592 0.990411 0.0772882 -0.0378098 0.108092
-8.98057 54.9356 -150.592 0.990411 0.0772882 -0.0378098 0.108092
-9.05631 55.0357 -150.893 0.990375 0.0777547 -0.0384834 0.107849
-9.17176 55.1363 -151.161 0.990397 0.0780533 -0.0391296 0.10719
-9.18488 55.338 -151.391 0.990467 0.0777807 -0.0391584 0.106737
-9.25364 55.4174 -151.561 0.990306 0.0787175 -0.0394249 0.107445
-9.39814 55.4955 -151.68 0.990256 0.0792774 -0.0396725 0.1074
-9.41162 55.7701 -151.736 0.99033 0.0794609 -0.0394073 0.106678
-9.44757 56.1376 -151.822 0.990483 0.0790769 -0.0392497 0.105598
-9.60108 56.4292 -151.966 0.990484 0.0793208 -0.0396356 0.105252
-9.82537 56.6463 -152.116 0.990499 0.0794173 -0.039834 0.104971
-10.0604 56.8677 -152.269 0.990482 0.0794881 -0.040045 0.105
-10.2828 57.1266 -152.345 0.990478 0.0794139 -0.0404946 0.104911
-10.4431 57.3989 -152.382 0.990411 0.0799305 -0.0404866 0.10516
-10.554 57.724 -152.349 0.990513 0.0799286 -0.0404294 0.104216
-10.7185 57.97 -152.348 0.990497 0.0803737 -0.0408158 0.103868
-10.826 58.1759 -152.227 0.990547 0.0807447 -0.0407914 0.103117
-10.8197 58.4268 -152.123 0.990547 0.0810049 -0.0404504 0.103052
-10.8275 58.7021 -152.039 0.990615 0.0807847 -0.040255 0.102639
-10.88 58.7174 -151.892 0.990558 0.0814304 -0.0401388 0.102729
-10.9916 58.731 -151.824 0.990682 0.0808666 -0.0400236 0.102016
-11.0679 58.7094 -151.733 0.990595 0.0813768 -0.0399402 0.102488
-11.1361 58.7572 -151.656 0.990664 0.08109 -0.0399178 0.102065
-11.1298 58.8895 -151.658 0.990748 0.0802814 -0.0398169 0.10192
