193.851 7.88889 -191.776 -0.283013 0.447225 0.175802 -0.830052
193.43 7.86947 -191.507 -0.282927 0.447326 0.175964 -0.829993
193.009 7.84991 -191.239 -0.28284 0.447427 0.176126 -0.829933
192.588 7.83022 -190.97 -0.282754 0.447528 0.176289 -0.829874
192.167 7.8104 -190.701 -0.282668 0.44763 0.176451 -0.829814
191.746 7.79044 -190.433 -0.282581 0.447731 0.176613 -0.829755
191.324 7.77035 -190.165 -0.282495 0.447832 0.176775 -0.829695
190.903 7.75012 -189.896 -0.282409 0.447933 0.176938 -0.829635
190.481 7.72976 -189.628 -0.282322 0.448034 0.1771 -0.829575
190.059 7.70926 -189.361 -0.282236 0.448135 0.177262 -0.829516
189.637 7.68863 -189.093 -0.282149 0.448236 0.177424 -0.829456
189.215 7.66787 -188.825 -0.282063 0.448337 0.177587 -0.829396
188.793 7.64697 -188.558 -0.281977 0.448438 0.177749 -0.829336
188.371 7.62594 -188.291 -0.28189 0.448539 0.177911 -0.829276
187.949 7.60478 -188.024 -0.281804 0.44864 0.178073 -0.829216
187.527 7.58348 -187.757 -0.281717 0.44874 0.178235 -0.829156
187.105 7.56204 -187.49 -0.281631 0.448841 0.178398 -0.829096
186.682 7.54047 -187.223 -0.281544 0.448942 0.17856 -0.829036
186.26 7.51877 -186.957 -0.281458 0.449043 0.178722 -0.828976
185.837 7.49693 -186.691 -0.281371 0.449144 0.178884 -0.828915
185.837 7.49693 -186.691 -0.281371 0.449144 0.178884 -0.828915
185.414 7.47496 -186.424 -0.281285 0.449245 0.179046 -0.828855
184.992 7.45286 -186.158 -0.281198 0.449345 0.179208 -0.828795
184.569 7.43062 -185.892 -0.281111 0.449446 0.17937 -0.828735
184.146 7.40825 -185.627 -0.281025 0.449547 0.179533 -0.828674
183.723 7.38574 -185.361 -0.280938 0.449647 0.179695 -0.828614
183.3 7.3631 -185.096 -0.280852 0.449748 0.179857 -0.828553
182.877 7.34032 -184.83 -0.280765 0.449849 0.180019 -0.828493
182.453 7.31741 -184.565 -0.280678 0.449949 0.180181 -0.828432
182.03 7.29437 -184.3 -0.280592 0.45005 0.180343 -0.828372
181.606 7.27119 -184.035 -0.280505 0.450151 0.180505 -0.828311
181.183 7.24788 -183.771 -0.280418 0.450251 0.180667 -0.828251
180.759 7.22443 -183.506 -0.280332 0.450352 0.180829 -0.82819
180.336 7.20085 -183.242 -0.280245 0.450452 0.180991 -0.828129
179.912 7.17714 -182.977 -0.280158 0.450553 0.181153 -0.828068
179.488 7.15329 -182.713 -0.280071 0.450653 0.181315 -0.828008
179.064 7.12931 -182.449 -0.279985 0.450754 0.181477 -0.827947
178.64 7.10519 -182.185 -0.279898 0.450854 0.181639 -0.827886
178.216 7.08094 -181.922 -0.279811 0.450954 0.181801 -0.827825
177.792 7.05655 -181.658 -0.279724 0.451055 0.181963 -0.827764
177.367 7.03204 -181.395 -0.279637 0.451155 0.182125 -0.827703
176.943 7.00738 -181.132 -0.279551 0.451256 0.182287 -0.827642
176.518 6.9826 -180.869 -0.279464 0.451356 0.182449 -0.827581
176.094 6.95768 -180.606 -0.279377 0.451456 0.182611 -0.82752
175.669 6.93262 -180.343 -0.27929 0.451556 0.182773 -0.827459
175.244 6.90743 -180.08 -0.279203 0.451657 0.182935 -0.827398
174.82 6.88211 -179.818 -0.279116 0.451757 0.183097 -0.827336
174.395 6.85665 -179.556 -0.279029 0.451857 0.183259 -0.827275
173.97 6.83106 -179.293 -0.278942 0.451957 0.183421 -0.827214
173.545 6.80533 -179.031 -0.278856 0.452057 0.183583 -0.827152
173.119 6.77948 -178.769 -0.278769 0.452158 0.183745 -0.827091
172.694 6.75348 -178.508 -0.278682 0.452258 0.183906 -0.82703
172.269 6.72736 -178.246 -0.278595 0.452358 0.184068 -0.826968
171.844 6.70109 -177.985 -0.278508 0.452458 0.18423 -0.826907
171.418 6.6747 -177.724 -0.278421 0.452558 0.184392 -0.826845
170.992 6.64817 -177.462 -0.278334 0.452658 0.184554 -0.826783
170.567 6.62151 -177.201 -0.278247 0.452758 0.184716 -0.826722
170.141 6.59471 -176.941 -0.27816 0.452858 0.184878 -0.82666
169.715 6.56778 -176.68 -0.278073 0.452958 0.185039 -0.826598
169.289 6.54071 -176.419 -0.277985 0.453058 0.185201 -0.826537
168.863 6.51351 -176.159 -0.277898 0.453158 0.185363 -0.826475
168.437 6.48618 -175.899 -0.277811 0.453258 0.185525 -0.826413
168.011 6.45871 -175.639 -0.277724 0.453358 0.185687 -0.826351
167.585 6.43111 -175.379 -0.277637 0.453458 0.185848 -0.826289
167.158 6.40338 -175.119 -0.27755 0.453558 0.18601 -0.826227
166.732 6.37551 -174.86 -0.277463 0.453657 0.186172 -0.826165
166.306 6.34751 -174.6 -0.277376 0.453757 0.186334 -0.826103
165.879 6.31937 -174.341 -0.277289 0.453857 0.186495 -0.826041
165.452 6.2911 -174.082 -0.277201 0.453957 0.186657 -0.825979
165.026 6.2627 -173.823 -0.277114 0.454056 0.186819 -0.825917
164.599 6.23416 -173.564 -0.277027 0.454156 0.186981 -0.825855
164.172 6.20548 -173.305 -0.27694 0.454256 0.187142 -0.825793
163.745 6.17668 -173.046 -0.276852 0.454356 0.187304 -0.825731
163.318 6.14774 -172.788 -0.276765 0.454455 0.187466 -0.825668
162.891 6.11866 -172.53 -0.276678 0.454555 0.187627 -0.825606
162.463 6.08946 -172.272 -0.276591 0.454654 0.187789 -0.825544
162.036 6.06011 -172.014 -0.276503 0.454754 0.187951 -0.825481
161.609 6.03064 -171.756 -0.276416 0.454854 0.188112 -0.825419
161.181 6.00103 -171.498 -0.276329 0.454953 0.188274 -0.825356
160.754 5.97129 -171.241 -0.276241 0.455053 0.188436 -0.825294
160.326 5.94141 -170.983 -0.276154 0.455152 0.188597 -0.825231
159.898 5.9114 -170.726 -0.276067 0.455252 0.188759 -0.825169
159.47 5.88125 -170.469 -0.275979 0.455351 0.18892 -0.825106
159.043 5.85097 -170.212 -0.275892 0.455451 0.189082 -0.825043
158.615 5.82056 -169.956 -0.275805 0.45555 0.189244 -0.824981
158.187 5.79001 -169.699 -0.275717 0.455649 0.189405 -0.824918
157.758 5.75933 -169.443 -0.27563 0.455749 0.189567 -0.824855
157.33 5.72852 -169.186 -0.275542 0.455848 0.189728 -0.824792
156.902 5.69757 -168.93 -0.275455 0.455947 0.18989 -0.824729
156.474 5.66649 -168.674 -0.275367 0.456047 0.190051 -0.824666
156.045 5.63528 -168.418 -0.27528 0.456146 0.190213 -0.824603
155.617 5.60393 -168.163 -0.275193 0.456245 0.190375 -0.82454
155.188 5.57244 -167.907 -0.275105 0.456345 0.190536 -0.824477
154.759 5.54083 -167.652 -0.275018 0.456444 0.190698 -0.824414
154.33 5.50908 -167.397 -0.27493 0.456543 0.190859 -0.824351
153.902 5.47719 -167.142 -0.274842 0.456642 0.191021 -0.824288
153.473 5.44517 -166.887 -0.274755 0.456741 0.191182 -0.824225
153.044 5.41302 -166.632 -0.274667 0.45684 0.191343 -0.824162
152.614 5.38074 -166.377 -0.27458 0.45694 0.191505 -0.824098
152.185 5.34832 -166.123 -0.274492 0.457039 0.191666 -0.824035
151.756 5.31576 -165.868 -0.274405 0.457138 0.191828 -0.823972
151.327 5.28308 -165.614 -0.274317 0.457237 0.191989 -0.823908
150.897 5.25026 -165.36 -0.274229 0.457336 0.192151 -0.823845
150.468 5.2173 -165.106 -0.274142 0.457435 0.192312 -0.823781
150.038 5.18421 -164.853 -0.274054 0.457534 0.192474 -0.823718
149.608 5.15099 -164.599 -0.273966 0.457633 0.192635 -0.823654
149.179 5.11764 -164.346 -0.273879 0.457732 0.192796 -0.823591
148.749 5.08415 -164.093 -0.273791 0.457831 0.192958 -0.823527
148.319 5.05052 -163.84 -0.273703 0.45793 0.193119 -0.823463
147.889 5.01677 -163.587 -0.273616 0.458028 0.19328 -0.8234
147.459 4.98288 -163.334 -0.273528 0.458127 0.193442 -0.823336
147.029 4.94885 -163.081 -0.27344 0.458226 0.193603 -0.823272
146.599 4.9147 -162.829 -0.273352 0.458325 0.193764 -0.823208
146.168 4.8804 -162.576 -0.273265 0.458424 0.193926 -0.823145
145.738 4.84598 -162.324 -0.273177 0.458522 0.194087 -0.823081
145.307 4.81142 -162.072 -0.273089 0.458621 0.194248 -0.823017
144.877 4.77673 -161.82 -0.273001 0.45872 0.19441 -0.822953
144.446 4.7419 -161.569 -0.272913 0.458819 0.194571 -0.822889
144.016 4.70694 -161.317 -0.272826 0.458917 0.194732 -0.822825
143.585 4.67185 -161.066 -0.272738 0.459016 0.194894 -0.822761
143.585 4.67185 -161.066 -0.272738 0.459016 0.194894 -0.822761
142.723 4.60126 -160.563 -0.272562 0.459213 0.195216 -0.822632
142.478 4.58143 -160.421 -0.272955 0.46029 0.19462 -0.822041
142.046 4.54804 -160.171 -0.273644 0.462183 0.193569 -0.820997
141.613 4.51654 -159.923 -0.274332 0.464073 0.192518 -0.819948
141.179 4.48695 -159.676 -0.275018 0.465959 0.191465 -0.818894
140.745 4.45926 -159.431 -0.275703 0.467843 0.190411 -0.817835
140.309 4.43347 -159.186 -0.276385 0.469724 0.189356 -0.816771
139.873 4.40959 -158.944 -0.277066 0.471602 0.1883 -0.815701
139.435 4.38761 -158.702 -0.277746 0.473477 0.187242 -0.814627
138.997 4.36753 -158.462 -0.278423 0.475349 0.186184 -0.813547
138.558 4.34936 -158.223 -0.279099 0.477218 0.185124 -0.812463
138.118 4.3331 -157.986 -0.279773 0.479085 0.184063 -0.811373
137.678 4.31875 -157.75 -0.280445 0.480948 0.183001 -0.810278
137.236 4.3063 -157.516 -0.281116 0.482808 0.181938 -0.809178
136.794 4.29576 -157.283 -0.281784 0.484665 0.180873 -0.808073
136.351 4.28712 -157.051 -0.282451 0.486519 0.179808 -0.806963
135.907 4.2804 -156.821 -0.283117 0.48837 0.178741 -0.805848
135.463 4.27558 -156.592 -0.28378 0.490218 0.177673 -0.804728
135.018 4.27267 -156.365 -0.284442 0.492063 0.176605 -0.803603
134.572 4.27166 -156.139 -0.285102 0.493905 0.175535 -0.802473
134.125 4.27257 -155.914 -0.28576 0.495744 0.174464 -0.801338
133.677 4.27538 -155.691 -0.286416 0.497579 0.173391 -0.800197
133.229 4.2801 -155.469 -0.287071 0.499412 0.172318 -0.799052
132.78 4.28673 -155.249 -0.287724 0.501241 0.171244 -0.797902
132.331 4.29527 -155.03 -0.288374 0.503068 0.170169 -0.796747
131.88 4.30571 -154.813 -0.289024 0.504891 0.169092 -0.795587
131.43 4.31807 -154.597 -0.289671 0.506711 0.168015 -0.794422
130.978 4.33232 -154.383 -0.290317 0.508528 0.166936 -0.793252
130.526 4.34849 -154.17 -0.29096 0.510342 0.165857 -0.792077
129.62 4.38654 -153.749 -0.292242 0.513959 0.163694 -0.789712
129.08 4.41004 -153.502 -0.290718 0.514843 0.166032 -0.789211
128.625 4.42771 -153.295 -0.289434 0.515583 0.167999 -0.788783
128.17 4.44346 -153.09 -0.288147 0.516319 0.169965 -0.788351
127.713 4.45728 -152.886 -0.286859 0.517053 0.17193 -0.787914
127.256 4.46917 -152.684 -0.285568 0.517784 0.173893 -0.787472
126.798 4.47913 -152.483 -0.284276 0.518511 0.175856 -0.787025
126.34 4.48717 -152.283 -0.282982 0.519235 0.177818 -0.786573
125.881 4.49327 -152.085 -0.281687 0.519955 0.179778 -0.786116
125.421 4.49744 -151.889 -0.28039 0.520673 0.181737 -0.785655
125.421 4.49744 -151.889 -0.28039 0.520673 0.181737 -0.785655
124.5 4.5 -151.5 -0.27779 0.522098 0.185653 -0.784716
124.5 4.5 -151.5 -0.27779 0.522098 0.185653 -0.784716
124.5 4.5 -151.5 -0.27779 0.522098 0.185653 -0.784716
