179.416 -62.7834 -156.193 -0.551344 0.682044 0.0287727 -0.479591
179.073 -62.4211 -156.159 -0.55149 0.682123 0.0284624 -0.47933
178.73 -62.0584 -156.126 -0.551635 0.682202 0.0281521 -0.479068
178.388 -61.6954 -156.092 -0.551781 0.68228 0.0278418 -0.478807
178.046 -61.3321 -156.058 -0.551926 0.682359 0.0275314 -0.478546
177.705 -60.9685 -156.024 -0.552072 0.682437 0.0272211 -0.478284
177.363 -60.6046 -155.991 -0.552217 0.682515 0.0269108 -0.478022
177.022 -60.2404 -155.958 -0.552362 0.682593 0.0266004 -0.477761
176.682 -59.876 -155.924 -0.552507 0.682671 0.0262901 -0.477499
176.341 -59.5112 -155.891 -0.552652 0.682749 0.0259797 -0.477237
176.001 -59.1461 -155.858 -0.552797 0.682827 0.0256694 -0.476975
175.662 -58.7807 -155.825 -0.552941 0.682904 0.025359 -0.476713
175.322 -58.4151 -155.792 -0.553086 0.682982 0.0250487 -0.47645
174.983 -58.0491 -155.759 -0.55323 0.683059 0.0247383 -0.476188
174.644 -57.6829 -155.726 -0.553375 0.683136 0.0244279 -0.475926
174.306 -57.3163 -155.694 -0.553519 0.683213 0.0241175 -0.475663
173.968 -56.9495 -155.661 -0.553663 0.68329 0.0238071 -0.4754
173.63 -56.5823 -155.629 -0.553807 0.683366 0.0234968 -0.475138
173.292 -56.2149 -155.596 -0.553951 0.683443 0.0231864 -0.474875
172.955 -55.8472 -155.564 -0.554095 0.68352 0.022876 -0.474612
172.618 -55.4791 -155.532 -0.554238 0.683596 0.0225656 -0.474349
172.282 -55.1108 -155.499 -0.554382 0.683672 0.0222552 -0.474086
171.945 -54.7422 -155.467 -0.554526 0.683748 0.0219447 -0.473823
171.609 -54.3733 -155.435 -0.554669 0.683824 0.0216343 -0.47356
171.274 -54.0041 -155.404 -0.554812 0.6839 0.0213239 -0.473296
170.938 -53.6346 -155.372 -0.554955 0.683976 0.0210135 -0.473033
170.603 -53.2648 -155.34 -0.555099 0.684051 0.0207031 -0.47277
170.268 -52.8948 -155.308 -0.555242 0.684127 0.0203926 -0.472506
169.934 -52.5244 -155.277 -0.555384 0.684202 0.0200822 -0.472242
169.6 -52.1537 -155.246 -0.555527 0.684277 0.0197718 -0.471978
169.266 -51.7828 -155.214 -0.55567 0.684352 0.0194613 -0.471715
168.933 -51.4115 -155.183 -0.555812 0.684427 0.0191509 -0.471451
168.6 -51.04 -155.152 -0.555955 0.684502 0.0188404 -0.471187
168.267 -50.6682 -155.121 -0.556097 0.684576 0.01853 -0.470922
167.934 -50.2961 -155.09 -0.556239 0.684651 0.0182195 -0.470658
167.602 -49.9237 -155.059 -0.556381 0.684725 0.017909 -0.470394
167.27 -49.551 -155.028 -0.556523 0.684799 0.0175986 -0.47013
166.938 -49.178 -154.997 -0.556665 0.684873 0.0172881 -0.469865
166.607 -48.8048 -154.967 -0.556807 0.684947 0.0169776 -0.4696
166.276 -48.4312 -154.936 -0.556949 0.685021 0.0166672 -0.469336
165.946 -48.0574 -154.906 -0.55709 0.685095 0.0163567 -0.469071
165.615 -47.6832 -154.876 -0.557232 0.685169 0.0160462 -0.468806
165.285 -47.3088 -154.845 -0.557373 0.685242 0.0157357 -0.468541
164.956 -46.9341 -154.815 -0.557514 0.685315 0.0154252 -0.468276
164.626 -46.5591 -154.785 -0.557656 0.685389 0.0151147 -0.468011
164.297 -46.1838 -154.755 -0.557797 0.685462 0.0148042 -0.467746
163.969 -45.8083 -154.725 -0.557938 0.685534 0.0144937 -0.46748
163.64 -45.4324 -154.695 -0.558078 0.685607 0.0141833 -0.467215
163.312 -45.0563 -154.666 -0.558219 0.68568 0.0138727 -0.46695
162.984 -44.6798 -154.636 -0.55836 0.685752 0.0135622 -0.466684
162.657 -44.3031 -154.607 -0.5585 0.685825 0.0132517 -0.466418
162.33 -43.9261 -154.577 -0.558641 0.685897 0.0129412 -0.466153
162.003 -43.5489 -154.548 -0.558781 0.685969 0.0126307 -0.465887
161.676 -43.1713 -154.519 -0.558921 0.686041 0.0123202 -0.465621
161.35 -42.7934 -154.489 -0.559061 0.686113 0.0120097 -0.465355
161.024 -42.4153 -154.46 -0.559201 0.686185 0.0116992 -0.465089
160.699 -42.0369 -154.431 -0.559341 0.686256 0.0113886 -0.464822
160.374 -41.6582 -154.403 -0.559481 0.686328 0.0110781 -0.464556
160.049 -41.2792 -154.374 -0.559621 0.686399 0.0107676 -0.46429
159.724 -40.8999 -154.345 -0.55976 0.68647 0.0104571 -0.464023
159.4 -40.5204 -154.317 -0.5599 0.686542 0.0101465 -0.463757
159.076 -40.1406 -154.288 -0.560039 0.686612 0.00983601 -0.46349
158.753 -39.7605 -154.26 -0.560178 0.686683 0.00952548 -0.463223
158.429 -39.3801 -154.231 -0.560317 0.686754 0.00921494 -0.462956
158.106 -38.9994 -154.203 -0.560456 0.686825 0.0089044 -0.46269
157.784 -38.6184 -154.175 -0.560595 0.686895 0.00859387 -0.462423
157.461 -38.2372 -154.147 -0.560734 0.686965 0.00828333 -0.462155
157.139 -37.8557 -154.119 -0.560873 0.687035 0.00797278 -0.461888
156.818 -37.4739 -154.091 -0.561011 0.687105 0.00766224 -0.461621
156.497 -37.0918 -154.063 -0.56115 0.687175 0.0073517 -0.461354
156.176 -36.7095 -154.035 -0.561288 0.687245 0.00704115 -0.461086
155.855 -36.3268 -154.008 -0.561426 0.687315 0.0067306 -0.460819
155.535 -35.9439 -153.98 -0.561564 0.687384 0.00642005 -0.460551
155.214 -35.5607 -153.953 -0.561702 0.687454 0.0061095 -0.460283
154.831 -35.1005 -153.92 -0.561868 0.687537 0.00573684 -0.459962
154.512 -34.7167 -153.893 -0.562006 0.687606 0.00542629 -0.459694
154.512 -34.7167 -153.893 -0.562006 0.687606 0.00542629 -0.459694
154.193 -34.3326 -153.866 -0.562143 0.687675 0.00511573 -0.459426
153.874 -33.9483 -153.839 -0.562281 0.687743 0.00480518 -0.459158
153.556 -33.5636 -153.812 -0.562418 0.687812 0.00449462 -0.45889
153.238 -33.1787 -153.785 -0.562556 0.687881 0.00418407 -0.458622
152.92 -32.7935 -153.758 -0.562693 0.687949 0.00387351 -0.458353
152.603 -32.4081 -153.732 -0.56283 0.688017 0.00356295 -0.458085
152.286 -32.0223 -153.705 -0.562967 0.688085 0.00325239 -0.457816
151.969 -31.6363 -153.679 -0.563104 0.688153 0.00294183 -0.457548
151.653 -31.25 -153.652 -0.563241 0.688221 0.00263127 -0.457279
151.337 -30.8634 -153.626 -0.563378 0.688289 0.00232071 -0.45701
151.021 -30.4766 -153.6 -0.563514 0.688357 0.00201015 -0.456741
150.706 -30.0895 -153.574 -0.563651 0.688424 0.00169959 -0.456472
150.39 -29.7021 -153.548 -0.563787 0.688492 0.00138903 -0.456203
150.076 -29.3144 -153.522 -0.563924 0.688559 0.00107847 -0.455934
149.761 -28.9265 -153.496 -0.56406 0.688626 0.000767907 -0.455665
149.447 -28.5383 -153.47 -0.564196 0.688693 0.000457345 -0.455396
149.134 -28.1498 -153.444 -0.564332 0.68876 0.000146782 -0.455126
148.82 -27.761 -153.419 -0.564468 0.688826 -0.00016378 -0.454857
148.507 -27.372 -153.393 -0.564603 0.688893 -0.000474342 -0.454587
148.194 -26.9827 -153.368 -0.564739 0.688959 -0.000784904 -0.454317
147.882 -26.5931 -153.343 -0.564875 0.689026 -0.00109547 -0.454048
147.57 -26.2033 -153.317 -0.56501 0.689092 -0.00140603 -0.453778
147.258 -25.8131 -153.292 -0.565145 0.689158 -0.00171659 -0.453508
146.947 -25.4228 -153.267 -0.56528 0.689224 -0.00202715 -0.453238
146.636 -25.0321 -153.242 -0.565416 0.689289 -0.00233771 -0.452968
146.325 -24.6412 -153.218 -0.565551 0.689355 -0.00264827 -0.452698
146.015 -24.25 -153.193 -0.565685 0.689421 -0.00295883 -0.452427
145.705 -23.8585 -153.168 -0.56582 0.689486 -0.00326939 -0.452157
145.395 -23.4668 -153.144 -0.565955 0.689551 -0.00357995 -0.451886
145.085 -23.0748 -153.119 -0.566089 0.689616 -0.00389051 -0.451616
144.776 -22.6825 -153.095 -0.566224 0.689681 -0.00420106 -0.451345
144.468 -22.2899 -153.071 -0.566358 0.689746 -0.00451162 -0.451075
144.159 -21.8971 -153.046 -0.566492 0.689811 -0.00482218 -0.450804
143.851 -21.504 -153.022 -0.566627 0.689875 -0.00513273 -0.450533
143.543 -21.1107 -152.998 -0.566761 0.68994 -0.00544329 -0.450262
143.236 -20.7171 -152.974 -0.566894 0.690004 -0.00575384 -0.449991
142.929 -20.3232 -152.951 -0.567028 0.690068 -0.00606439 -0.44972
142.622 -19.929 -152.927 -0.567162 0.690132 -0.00637494 -0.449449
142.316 -19.5346 -152.903 -0.567296 0.690196 -0.00668549 -0.449177
142.01 -19.1399 -152.88 -0.567429 0.69026 -0.00699604 -0.448906
141.704 -18.745 -152.856 -0.567562 0.690324 -0.00730658 -0.448634
141.399 -18.3498 -152.833 -0.567696 0.690387 -0.00761713 -0.448363
141.094 -17.9543 -152.81 -0.567829 0.690451 -0.00792767 -0.448091
140.789 -17.5586 -152.786 -0.567962 0.690514 -0.00823821 -0.447819
140.484 -17.1626 -152.763 -0.568095 0.690577 -0.00854875 -0.447548
140.18 -16.7663 -152.74 -0.568227 0.69064 -0.00885929 -0.447276
139.877 -16.3698 -152.717 -0.56836 0.690703 -0.00916983 -0.447004
139.573 -15.973 -152.695 -0.568493 0.690766 -0.00948037 -0.446732
139.27 -15.5759 -152.672 -0.568625 0.690828 -0.0097909 -0.446459
138.968 -15.1786 -152.649 -0.568758 0.690891 -0.0101014 -0.446187
138.665 -14.781 -152.627 -0.56889 0.690953 -0.010412 -0.445915
138.363 -14.3831 -152.604 -0.569022 0.691015 -0.0107225 -0.445642
138.062 -13.985 -152.582 -0.569154 0.691077 -0.011033 -0.44537
137.76 -13.5866 -152.56 -0.569286 0.691139 -0.0113435 -0.445097
137.459 -13.188 -152.538 -0.569418 0.691201 -0.0116541 -0.444825
137.159 -12.7891 -152.516 -0.56955 0.691263 -0.0119646 -0.444552
136.858 -12.39 -152.494 -0.569681 0.691324 -0.0122751 -0.444279
136.558 -11.9905 -152.472 -0.569813 0.691385 -0.0125856 -0.444006
136.259 -11.5909 -152.45 -0.569944 0.691447 -0.0128961 -0.443733
135.959 -11.1909 -152.428 -0.570075 0.691508 -0.0132066 -0.44346
135.66 -10.7907 -152.407 -0.570207 0.691569 -0.0135171 -0.443187
135.362 -10.3903 -152.385 -0.570338 0.69163 -0.0138276 -0.442913
135.064 -9.98955 -152.364 -0.570469 0.69169 -0.0141381 -0.44264
134.766 -9.58858 -152.342 -0.570599 0.691751 -0.0144486 -0.442367
134.468 -9.18734 -152.321 -0.57073 0.691811 -0.0147591 -0.442093
134.171 -8.78585 -152.3 -0.570861 0.691872 -0.0150696 -0.441819
133.874 -8.3841 -152.279 -0.570991 0.691932 -0.0153801 -0.441546
133.577 -7.9821 -152.258 -0.571122 0.691992 -0.0156906 -0.441272
133.281 -7.57983 -152.237 -0.571252 0.692052 -0.0160011 -0.440998
132.985 -7.17731 -152.216 -0.571382 0.692112 -0.0163116 -0.440724
132.69 -6.77453 -152.196 -0.571512 0.692171 -0.0166221 -0.44045
132.394 -6.3715 -152.175 -0.571642 0.692231 -0.0169325 -0.440176
132.1 -5.96821 -152.155 -0.571772 0.69229 -0.017243 -0.439902
131.805 -5.56466 -152.134 -0.571902 0.69235 -0.0175535 -0.439627
131.511 -5.16086 -152.114 -0.572031 0.692409 -0.0178639 -0.439353
131.217 -4.75681 -152.094 -0.572161 0.692468 -0.0181744 -0.439078
130.924 -4.3525 -152.074 -0.57229 0.692527 -0.0184849 -0.438804
130.63 -3.94793 -152.054 -0.57242 0.692585 -0.0187953 -0.438529
130.338 -3.54311 -152.034 -0.572549 0.692644 -0.0191058 -0.438255
130.045 -3.13804 -152.014 -0.572678 0.692702 -0.0194162 -0.43798
129.753 -2.73272 -151.994 -0.572807 0.692761 -0.0197267 -0.437705
129.461 -2.32714 -151.975 -0.572936 0.692819 -0.0200371 -0.43743
129.17 -1.9213 -151.955 -0.573065 0.692877 -0.0203475 -0.437155
128.879 -1.51522 -151.936 -0.573193 0.692935 -0.020658 -0.43688
128.588 -1.10888 -151.916 -0.573322 0.692993 -0.0209684 -0.436604
128.298 -0.702295 -151.897 -0.57345 0.69305 -0.0212788 -0.436329
128.008 -0.295455 -151.878 -0.573578 0.693108 -0.0215892 -0.436054
127.718 0.111637 -151.859 -0.573707 0.693165 -0.0218997 -0.435778
127.429 0.518979 -151.84 -0.573835 0.693223 -0.0222101 -0.435503
127.14 0.926572 -151.821 -0.573963 0.69328 -0.0225205 -0.435227
126.851 1.33442 -151.802 -0.574091 0.693337 -0.0228309 -0.434951
126.563 1.74251 -151.783 -0.574218 0.693394 -0.0231413 -0.434676
126.275 2.15085 -151.765 -0.574346 0.69345 -0.0234517 -0.4344
125.987 2.55945 -151.746 -0.574474 0.693507 -0.0237621 -0.434124
125.7 2.96829 -151.728 -0.574601 0.693564 -0.0240724 -0.433848
125.413 3.37738 -151.709 -0.574728 0.69362 -0.0243828 -0.433571
125.127 3.78672 -151.691 -0.574856 0.693676 -0.0246932 -0.433295
124.84 4.1963 -151.673 -0.574983 0.693732 -0.0250036 -0.433019
124.555 4.60614 -151.655 -0.57511 0.693788 -0.0253139 -0.432743
