178.743 -63.9427 -152.632 0.521171 -0.750957 0.0135343 0.405292
178.445 -63.5458 -152.696 0.521616 -0.750407 0.0134538 0.40574
178.148 -63.1489 -152.759 0.522061 -0.749857 0.0133733 0.406187
177.85 -62.752 -152.821 0.522505 -0.749306 0.0132928 0.406635
177.552 -62.3551 -152.882 0.522949 -0.748755 0.0132122 0.407082
177.254 -61.9581 -152.943 0.523393 -0.748203 0.0131317 0.407529
176.956 -61.5612 -153.002 0.523836 -0.747651 0.0130512 0.407975
176.658 -61.1642 -153.061 0.524279 -0.747098 0.0129706 0.408421
176.36 -60.7672 -153.119 0.524722 -0.746545 0.0128901 0.408867
176.061 -60.3702 -153.176 0.525164 -0.745991 0.0128095 0.409313
175.762 -59.9732 -153.232 0.525606 -0.745436 0.0127289 0.409758
175.464 -59.5761 -153.288 0.526047 -0.744881 0.0126483 0.410203
175.165 -59.1791 -153.342 0.526488 -0.744326 0.0125677 0.410648
174.866 -58.7821 -153.396 0.526929 -0.74377 0.0124871 0.411092
174.566 -58.385 -153.449 0.527369 -0.743213 0.0124065 0.411536
174.267 -57.988 -153.501 0.527809 -0.742656 0.0123259 0.41198
173.967 -57.5909 -153.552 0.528249 -0.742098 0.0122453 0.412424
173.668 -57.1938 -153.603 0.528688 -0.74154 0.0121646 0.412867
173.368 -56.7968 -153.652 0.529127 -0.740982 0.012084 0.41331
173.068 -56.3997 -153.701 0.529565 -0.740422 0.0120033 0.413752
172.768 -56.0026 -153.749 0.530003 -0.739863 0.0119227 0.414195
172.468 -55.6056 -153.796 0.530441 -0.739302 0.011842 0.414637
172.167 -55.2085 -153.842 0.530879 -0.738742 0.0117613 0.415079
171.867 -54.8114 -153.888 0.531315 -0.73818 0.0116806 0.41552
171.566 -54.4144 -153.932 0.531752 -0.737619 0.0115999 0.415961
171.266 -54.0173 -153.976 0.532188 -0.737056 0.0115192 0.416402
170.965 -53.6203 -154.019 0.532624 -0.736493 0.0114385 0.416843
170.664 -53.2232 -154.061 0.53306 -0.73593 0.0113578 0.417283
170.363 -52.8262 -154.103 0.533495 -0.735366 0.0112771 0.417723
170.062 -52.4292 -154.143 0.533929 -0.734802 0.0111963 0.418163
169.76 -52.0322 -154.183 0.534364 -0.734237 0.0111156 0.418603
169.459 -51.6352 -154.222 0.534798 -0.733671 0.0110348 0.419042
169.157 -51.2382 -154.26 0.535231 -0.733105 0.0109541 0.41948
168.855 -50.8412 -154.297 0.535664 -0.732539 0.0108733 0.419919
168.554 -50.4443 -154.333 0.536097 -0.731972 0.0107925 0.420357
168.252 -50.0473 -154.369 0.53653 -0.731404 0.0107118 0.420795
167.949 -49.6504 -154.403 0.536962 -0.730836 0.010631 0.421233
167.647 -49.2535 -154.437 0.537393 -0.730268 0.0105502 0.42167
167.345 -48.8566 -154.47 0.537825 -0.729699 0.0104694 0.422107
167.043 -48.4598 -154.502 0.538256 -0.729129 0.0103886 0.422544
167.043 -48.4598 -154.502 0.538256 -0.729129 0.0103886 0.422544
166.74 -48.0629 -154.533 0.538686 -0.728559 0.0103077 0.422981
166.437 -47.6661 -154.564 0.539116 -0.727988 0.0102269 0.423417
166.135 -47.2693 -154.594 0.539546 -0.727417 0.0101461 0.423853
165.832 -46.8726 -154.622 0.539976 -0.726846 0.0100652 0.424288
165.529 -46.4758 -154.65 0.540405 -0.726274 0.00998438 0.424723
165.225 -46.0791 -154.678 0.540833 -0.725701 0.00990352 0.425158
164.922 -45.6825 -154.704 0.541261 -0.725128 0.00982266 0.425593
164.619 -45.2858 -154.729 0.541689 -0.724554 0.00974179 0.426027
164.315 -44.8892 -154.754 0.542117 -0.72398 0.00966091 0.426461
164.012 -44.4926 -154.778 0.542544 -0.723405 0.00958003 0.426895
163.708 -44.0961 -154.801 0.542971 -0.72283 0.00949914 0.427329
163.404 -43.6995 -154.823 0.543397 -0.722254 0.00941824 0.427762
163.101 -43.3031 -154.844 0.543823 -0.721678 0.00933733 0.428195
162.797 -42.9066 -154.865 0.544248 -0.721101 0.00925642 0.428627
162.492 -42.5102 -154.885 0.544674 -0.720524 0.0091755 0.429059
162.188 -42.1138 -154.903 0.545098 -0.719946 0.00909458 0.429491
161.884 -41.7175 -154.921 0.545523 -0.719368 0.00901365 0.429923
161.58 -41.3212 -154.938 0.545947 -0.718789 0.00893271 0.430354
161.275 -40.925 -154.955 0.546371 -0.718209 0.00885177 0.430785
160.97 -40.5288 -154.97 0.546794 -0.71763 0.00877082 0.431216
160.97 -40.5288 -154.97 0.546794 -0.71763 0.00877082 0.431216
160.666 -40.1326 -154.985 0.547217 -0.717049 0.00868987 0.431647
160.361 -39.7365 -154.999 0.547639 -0.716468 0.0086089 0.432077
160.056 -39.3405 -155.012 0.548061 -0.715887 0.00852794 0.432506
159.751 -38.9444 -155.024 0.548483 -0.715305 0.00844696 0.432936
159.446 -38.5485 -155.035 0.548904 -0.714723 0.00836598 0.433365
159.141 -38.1526 -155.046 0.549325 -0.71414 0.008285 0.433794
158.835 -37.7567 -155.055 0.549746 -0.713557 0.00820401 0.434223
158.53 -37.3609 -155.064 0.550166 -0.712973 0.00812301 0.434651
158.225 -36.9651 -155.072 0.550586 -0.712388 0.008042 0.435079
157.919 -36.5694 -155.079 0.551005 -0.711804 0.007961 0.435507
157.613 -36.1738 -155.086 0.551424 -0.711218 0.00787998 0.435934
157.308 -35.7782 -155.091 0.551842 -0.710632 0.00779896 0.436361
157.002 -35.3827 -155.096 0.552261 -0.710046 0.00771794 0.436788
156.696 -34.9872 -155.099 0.552678 -0.709459 0.0076369 0.437214
156.39 -34.5918 -155.102 0.553096 -0.708872 0.00755587 0.43764
156.084 -34.1964 -155.105 0.553513 -0.708284 0.00747483 0.438066
155.778 -33.8011 -155.106 0.55393 -0.707695 0.00739378 0.438492
155.471 -33.4059 -155.106 0.554346 -0.707106 0.00731273 0.438917
155.165 -33.0108 -155.106 0.554762 -0.706517 0.00723167 0.439342
154.859 -32.6157 -155.105 0.555177 -0.705927 0.00715061 0.439766
154.859 -32.6157 -155.105 0.555177 -0.705927 0.00715061 0.439766
154.552 -32.2206 -155.103 0.555592 -0.705337 0.00706954 0.44019
154.245 -31.8257 -155.1 0.556007 -0.704746 0.00698847 0.440614
153.939 -31.4308 -155.096 0.556421 -0.704154 0.00690739 0.441038
153.632 -31.036 -155.092 0.556835 -0.703562 0.00682631 0.441461
153.325 -30.6412 -155.086 0.557248 -0.70297 0.00674522 0.441884
153.018 -30.2466 -155.08 0.557662 -0.702377 0.00666413 0.442307
152.711 -29.852 -155.073 0.558074 -0.701784 0.00658303 0.442729
152.404 -29.4574 -155.065 0.558487 -0.70119 0.00650193 0.443151
152.097 -29.063 -155.056 0.558898 -0.700595 0.00642082 0.443573
151.79 -28.6686 -155.047 0.55931 -0.700001 0.00633971 0.443995
151.483 -28.2743 -155.037 0.559721 -0.699405 0.0062586 0.444416
151.175 -27.8801 -155.025 0.560132 -0.698809 0.00617748 0.444837
150.868 -27.486 -155.013 0.560542 -0.698213 0.00609635 0.445257
150.56 -27.0919 -155 0.560952 -0.697616 0.00601523 0.445677
150.253 -26.698 -154.987 0.561362 -0.697019 0.00593409 0.446097
149.945 -26.3041 -154.972 0.561771 -0.696421 0.00585296 0.446517
149.637 -25.9103 -154.957 0.56218 -0.695823 0.00577182 0.446936
149.33 -25.5166 -154.941 0.562588 -0.695224 0.00569067 0.447355
149.022 -25.1229 -154.924 0.562996 -0.694624 0.00560952 0.447773
148.714 -24.7294 -154.906 0.563403 -0.694025 0.00552837 0.448192
148.406 -24.3359 -154.887 0.56381 -0.693424 0.00544721 0.44861
148.098 -23.9426 -154.867 0.564217 -0.692824 0.00536605 0.449027
147.79 -23.5493 -154.847 0.564624 -0.692222 0.00528489 0.449445
147.482 -23.1562 -154.826 0.56503 -0.691621 0.00520372 0.449862
147.173 -22.7631 -154.804 0.565435 -0.691018 0.00512255 0.450278
146.865 -22.3701 -154.781 0.56584 -0.690416 0.00504137 0.450695
146.557 -21.9772 -154.757 0.566245 -0.689812 0.00496019 0.451111
146.248 -21.5844 -154.733 0.566649 -0.689209 0.00487901 0.451527
145.94 -21.1917 -154.707 0.567053 -0.688604 0.00479783 0.451942
145.631 -20.7991 -154.681 0.567457 -0.688 0.00471664 0.452357
145.323 -20.4066 -154.654 0.56786 -0.687394 0.00463544 0.452772
145.014 -20.0142 -154.626 0.568263 -0.686789 0.00455425 0.453186
144.705 -19.6219 -154.597 0.568665 -0.686183 0.00447305 0.453601
144.397 -19.2298 -154.568 0.569067 -0.685576 0.00439185 0.454014
144.088 -18.8377 -154.537 0.569469 -0.684969 0.00431064 0.454428
143.779 -18.4457 -154.506 0.56987 -0.684361 0.00422943 0.454841
143.47 -18.0538 -154.474 0.57027 -0.683753 0.00414822 0.455254
143.161 -17.6621 -154.441 0.570671 -0.683145 0.00406701 0.455666
142.852 -17.2704 -154.408 0.571071 -0.682535 0.00398579 0.456079
142.543 -16.8789 -154.373 0.57147 -0.681926 0.00390457 0.456491
142.234 -16.4875 -154.338 0.571869 -0.681316 0.00382335 0.456902
141.925 -16.0962 -154.301 0.572268 -0.680705 0.00374212 0.457313
141.616 -15.705 -154.264 0.572666 -0.680094 0.00366089 0.457724
141.307 -15.3139 -154.226 0.573064 -0.679483 0.00357966 0.458135
140.997 -14.9229 -154.188 0.573462 -0.678871 0.00349843 0.458545
140.688 -14.532 -154.148 0.573859 -0.678259 0.00341719 0.458955
140.379 -14.1413 -154.108 0.574255 -0.677646 0.00333595 0.459365
140.069 -13.7507 -154.067 0.574652 -0.677032 0.00325471 0.459774
139.76 -13.3602 -154.025 0.575048 -0.676418 0.00317347 0.460183
139.45 -12.9698 -153.982 0.575443 -0.675804 0.00309222 0.460592
139.141 -12.5796 -153.938 0.575838 -0.675189 0.00301098 0.461
138.831 -12.1895 -153.894 0.576233 -0.674574 0.00292973 0.461408
138.522 -11.7995 -153.848 0.576627 -0.673958 0.00284848 0.461816
138.212 -11.4096 -153.802 0.577021 -0.673342 0.00276722 0.462223
137.902 -11.0198 -153.755 0.577414 -0.672725 0.00268597 0.46263
137.593 -10.6302 -153.707 0.577807 -0.672108 0.00260471 0.463037
137.283 -10.2407 -153.658 0.5782 -0.67149 0.00252345 0.463443
136.973 -9.85137 -153.609 0.578592 -0.670872 0.00244219 0.463849
136.663 -9.46214 -153.559 0.578984 -0.670253 0.00236093 0.464255
136.354 -9.07304 -153.507 0.579375 -0.669634 0.00227966 0.46466
136.044 -8.68408 -153.455 0.579766 -0.669015 0.0021984 0.465065
135.734 -8.29525 -153.403 0.580157 -0.668395 0.00211713 0.46547
135.424 -7.90656 -153.349 0.580547 -0.667774 0.00203586 0.465874
135.114 -7.51801 -153.294 0.580937 -0.667153 0.00195459 0.466278
134.804 -7.12959 -153.239 0.581326 -0.666532 0.00187332 0.466682
134.494 -6.74132 -153.183 0.581715 -0.66591 0.00179204 0.467085
134.184 -6.35318 -153.126 0.582103 -0.665287 0.00171077 0.467489
133.874 -5.96519 -153.068 0.582492 -0.664664 0.00162949 0.467891
133.564 -5.57733 -153.01 0.582879 -0.664041 0.00154822 0.468294
133.254 -5.18962 -152.95 0.583267 -0.663417 0.00146694 0.468696
132.944 -4.80206 -152.89 0.583653 -0.662793 0.00138566 0.469098
132.634 -4.41464 -152.829 0.58404 -0.662168 0.00130438 0.469499
132.324 -4.02737 -152.767 0.584426 -0.661543 0.0012231 0.4699
132.014 -3.64025 -152.704 0.584811 -0.660917 0.00114182 0.470301
131.703 -3.25327 -152.64 0.585197 -0.660291 0.00106053 0.470701
131.393 -2.86645 -152.576 0.585581 -0.659664 0.00097925 0.471101
131.083 -2.47978 -152.511 0.585966 -0.659037 0.000897966 0.471501
130.773 -2.09326 -152.445 0.58635 -0.65841 0.000816682 0.4719
130.462 -1.70689 -152.378 0.586733 -0.657782 0.000735396 0.4723
130.152 -1.32068 -152.31 0.587116 -0.657153 0.00065411 0.472698
129.842 -0.934621 -152.241 0.587499 -0.656524 0.000572824 0.473097
129.532 -0.548721 -152.172 0.587881 -0.655895 0.000491538 0.473495
129.221 -0.162979 -152.102 0.588263 -0.655265 0.000410251 0.473892
128.911 0.222604 -152.031 0.588645 -0.654634 0.000328963 0.47429
128.601 0.608027 -151.959 0.589026 -0.654004 0.000247676 0.474687
128.291 0.993289 -151.886 0.589407 -0.653372 0.000166388 0.475084
127.98 1.37839 -151.813 0.589787 -0.652741 8.51002e-05 0.47548
127.67 1.76332 -151.738 0.590167 -0.652108 3.81231e-06 0.475876
127.36 2.1481 -151.663 0.590546 -0.651476 -7.74756e-05 0.476272
127.049 2.5327 -151.587 0.590925 -0.650843 -0.000158763 0.476667
126.739 2.91714 -151.51 0.591303 -0.650209 -0.000240051 0.477062
126.429 3.30142 -151.433 0.591682 -0.649575 -0.000321339 0.477457
126.118 3.68552 -151.354 0.592059 -0.64894 -0.000402626 0.477851
125.808 4.06945 -151.275 0.592437 -0.648305 -0.000483913 0.478245
125.498 4.45322 -151.195 0.592813 -0.64767 -0.0005652 0.478639
125.187 4.83681 -151.114 0.59319 -0.647034 -0.000646486 0.479033
124.877 5.22022 -151.032 0.593566 -0.646398 -0.000727772 0.479426
