
1.4901461601257324
2.0304434299468994
2.356316089630127
5.479515790939331
6.09579062461853
6.579981327056885
7.100316762924194
7.769726991653442
8.223196744918823
8.885796785354614
9.372316598892212
9.878610849380493
10.36883282661438
11.231830835342407
12.93981409072876
15.629069328308105
16.956074237823486
17.716806173324585

5.43241024017334
5.85053563117981
7.440040588378906
8.56408143043518
9.079551696777344
9.611019372940063
10.494510889053345
10.917559385299683
11.390517711639404
11.7834792137146
12.219989538192749
12.670140027999878
13.089079141616821
13.440581798553467
13.834232330322266
14.202049970626831
14.569528341293335
14.933592081069946

