-13.5063 198.088 -166.577 0.934081 0.175074 -0.171233 0.259848
-13.3834 198.17 -166.449 0.934226 0.175072 -0.170746 0.259649
-13.17 198.303 -166.289 0.9345 0.174776 -0.169855 0.259447
-12.7428 198.333 -165.965 0.934438 0.174461 -0.168236 0.260934
-12.5509 198.248 -165.965 0.934583 0.174542 -0.16796 0.260536
-12.3574 198.028 -165.934 0.935349 0.174393 -0.166024 0.259126
-12.0942 197.506 -165.864 0.935578 0.175164 -0.165039 0.258405
-11.7806 196.609 -165.807 0.93477 0.176752 -0.16431 0.260703
-11.5231 195.79 -165.829 0.933847 0.178239 -0.163686 0.263379
-11.0463 195.094 -165.689 0.932835 0.179413 -0.16289 0.266641
-10.664 194.525 -165.62 0.932389 0.180455 -0.162128 0.267957
-10.62 194.178 -165.673 0.932417 0.18132 -0.161879 0.267427
-10.4392 193.814 -165.661 0.932207 0.182163 -0.161391 0.267879
-10.0132 193.617 -165.498 0.93238 0.182942 -0.159918 0.267629
-9.39881 193.725 -165.229 0.932642 0.18357 -0.157696 0.267608
-8.87908 194.126 -164.963 0.933639 0.182926 -0.155329 0.265949
-8.65804 194.315 -164.766 0.934417 0.182509 -0.153569 0.264523
-8.65389 194.537 -164.637 0.935805 0.181776 -0.151555 0.26126
-8.30979 194.777 -164.328 0.936485 0.180477 -0.14886 0.261276
-7.86301 195.184 -164.09 0.936633 0.177732 -0.146769 0.263797
-7.78185 195.469 -164.317 0.936079 0.174004 -0.146841 0.268172
-7.84116 195.51 -164.679 0.935563 0.170746 -0.147645 0.271603
-8.239 195.052 -165.18 0.935449 0.16885 -0.149368 0.27224
-8.85961 194.103 -165.8 0.935049 0.168287 -0.150734 0.273205
-9.21003 193.57 -166.152 0.93469 0.167704 -0.151295 0.274481
-9.5673 193.162 -166.228 0.934918 0.167502 -0.151328 0.273808
-10.0351 192.53 -166.193 0.934925 0.168238 -0.151185 0.273413
-10.375 192.204 -166.05 0.93512 0.168777 -0.15085 0.2726
-10.622 192.0 -165.816 0.93479 0.168784 -0.150636 0.27384
-10.8412 191.946 -165.659 0.934576 0.168349 -0.150697 0.274804
-11.102 191.992 -165.714 0.934723 0.167868 -0.151174 0.274337
-11.4156 191.952 -165.827 0.934855 0.167785 -0.151516 0.273748
-11.9211 192.538 -165.804 0.935345 0.16672 -0.151623 0.272661
-12.4934 192.739 -165.661 0.935902 0.166039 -0.151873 0.271023
-13.1648 192.641 -165.534 0.935717 0.166509 -0.151878 0.271371
-13.8228 192.356 -165.23 0.935433 0.167432 -0.151422 0.272036
-13.8228 192.356 -165.23 0.935433 0.167432 -0.151422 0.272036
-14.4086 192.18 -164.874 0.935786 0.167397 -0.149931 0.271669
-14.7144 192.041 -164.329 0.935548 0.168484 -0.149053 0.2723
-15.1838 191.829 -163.982 0.935676 0.168941 -0.147876 0.272218
-15.765 191.254 -163.621 0.935819 0.169355 -0.147487 0.271678
-16.2533 191.025 -163.449 0.936076 0.169776 -0.147423 0.270563
-16.4788 190.865 -163.18 0.935744 0.16949 -0.146306 0.27249
-16.6771 190.901 -162.981 0.936032 0.16828 -0.144899 0.273004
-16.9943 190.787 -162.984 0.93637 0.167342 -0.144748 0.272501
-17.3859 190.536 -163.213 0.936399 0.167291 -0.146237 0.271635
-17.6701 190.052 -163.581 0.936205 0.167333 -0.147432 0.271632
-17.7525 189.615 -163.922 0.935972 0.167584 -0.148447 0.271728
-17.582 189.194 -164.295 0.93534 0.167803 -0.149719 0.273066
-17.4997 188.665 -164.732 0.935288 0.168501 -0.151384 0.271896
-17.4289 188.433 -165.379 0.935756 0.169152 -0.152947 0.268992
-17.0587 188.228 -166.014 0.935738 0.169139 -0.15409 0.268408
-16.4923 188.292 -166.429 0.936175 0.168659 -0.154197 0.267123
-15.9567 188.664 -166.796 0.937101 0.16768 -0.153696 0.264769
-15.4823 189.102 -166.985 0.93814 0.166321 -0.152743 0.26249
-15.0727 189.628 -167.052 0.938992 0.164122 -0.151499 0.261547
-14.8955 190.285 -167.166 0.939857 0.162696 -0.151035 0.259591
-14.8509 190.703 -167.265 0.940606 0.162231 -0.150982 0.25719
-15.0853 190.945 -167.476 0.941399 0.161757 -0.152188 0.253853
-15.2413 191.12 -167.661 0.941649 0.160977 -0.152424 0.25328
-15.0253 191.54 -167.628 0.941503 0.160502 -0.152049 0.254346
-14.7581 191.968 -167.397 0.941833 0.160401 -0.151089 0.253761
-14.286 192.476 -167.042 0.942484 0.159647 -0.148216 0.253511
-13.3516 193.025 -166.391 0.942781 0.159511 -0.14495 0.254382
-13.3516 193.025 -166.391 0.942781 0.159511 -0.14495 0.254382
-12.7136 193.405 -165.863 0.943542 0.16007 -0.141384 0.253215
-12.4529 193.213 -165.688 0.94333 0.160362 -0.139905 0.254635
-12.0942 193.056 -165.393 0.943436 0.160447 -0.137953 0.255253
-11.828 192.896 -165.239 0.943288 0.160785 -0.136719 0.256251
-11.6665 192.26 -165.143 0.942759 0.161018 -0.135882 0.258489
-11.3659 191.722 -165.156 0.942319 0.160827 -0.135045 0.26064
-11.1183 191.157 -165.043 0.942305 0.161175 -0.133804 0.261114
-10.9085 190.448 -165.153 0.941814 0.160649 -0.133197 0.263511
-10.7873 189.954 -165.271 0.941972 0.160341 -0.132565 0.26345
-10.5842 189.642 -165.477 0.942001 0.160002 -0.132476 0.263599
-10.364 189.278 -165.616 0.942388 0.158865 -0.131406 0.263437
-9.991 188.95 -165.73 0.942627 0.157782 -0.130218 0.263823
-9.4961 188.553 -165.734 0.942189 0.157413 -0.129423 0.265991
-9.16011 187.758 -165.909 0.942274 0.156569 -0.127993 0.266876
-9.11967 187.381 -165.933 0.942126 0.156671 -0.127929 0.267371
-9.03605 187.076 -165.874 0.942133 0.156974 -0.127454 0.267396
-8.95767 186.815 -165.826 0.941982 0.157157 -0.126772 0.268141
-8.80259 186.797 -165.712 0.942432 0.156507 -0.126298 0.267164
-8.75314 186.625 -165.688 0.942562 0.155779 -0.12598 0.26728
-8.73323 186.479 -165.673 0.942912 0.155489 -0.125501 0.26644
-8.73323 186.479 -165.673 0.942912 0.155489 -0.125501 0.26644
-8.65792 186.119 -165.644 0.942967 0.155421 -0.125081 0.266481
-8.42418 185.8 -165.687 0.94301 0.154961 -0.124529 0.266855
-8.01261 185.536 -165.797 0.942845 0.154219 -0.124097 0.26807
-7.59944 185.218 -165.987 0.942905 0.153361 -0.123569 0.26859
-7.17755 184.724 -166.32 0.942983 0.152643 -0.123074 0.268955
-6.74906 184.101 -166.683 0.942918 0.152412 -0.123135 0.269285
-6.21915 183.508 -166.849 0.942857 0.152045 -0.123273 0.269642
-5.68052 183.159 -167.051 0.942749 0.151543 -0.122786 0.270525
-5.1538 182.772 -167.176 0.94262 0.151332 -0.122246 0.271334
-4.62328 182.431 -167.316 0.942502 0.151357 -0.121951 0.271862
-4.09059 181.953 -167.348 0.942927 0.14944 -0.121316 0.271732
-3.5478 181.736 -167.325 0.942173 0.150568 -0.120608 0.274032
-2.99627 181.152 -167.686 0.942337 0.150052 -0.119339 0.274307
-2.79152 180.774 -167.729 0.94223 0.150244 -0.119232 0.274614
-2.79152 180.774 -167.729 0.94223 0.150244 -0.119232 0.274614
-2.70889 180.544 -167.79 0.9424 0.150173 -0.119407 0.273995
-2.70409 180.326 -167.835 0.942569 0.150064 -0.119201 0.273561
-2.59233 180.326 -167.876 0.942594 0.149839 -0.11882 0.273766
-2.54746 180.274 -167.781 0.942935 0.149709 -0.118077 0.272981
-2.73002 180.173 -167.867 0.943252 0.149238 -0.118712 0.271865
-3.11086 180.051 -168.029 0.943903 0.14835 -0.119569 0.269709
-3.68946 179.879 -168.286 0.944528 0.147508 -0.120853 0.2674
-4.31867 179.673 -168.612 0.945274 0.146434 -0.121798 0.264914
-4.93498 179.197 -169.029 0.945422 0.145078 -0.123213 0.264477
-5.46579 178.862 -169.323 0.946318 0.143446 -0.124921 0.261345
-5.72941 178.748 -169.496 0.947191 0.141349 -0.125022 0.259268
-5.74833 179.103 -169.701 0.947944 0.13751 -0.124507 0.258826
-5.65339 179.691 -169.881 0.948845 0.132841 -0.123317 0.258532
-5.56311 179.795 -169.973 0.949596 0.129291 -0.122186 0.258113
-5.67368 179.916 -170.184 0.950368 0.125762 -0.121806 0.257194
-5.42675 180.211 -170.203 0.950886 0.122014 -0.120736 0.257589
-5.25692 180.774 -170.255 0.951972 0.117749 -0.119429 0.256166
-5.16868 181.762 -170.312 0.953308 0.112402 -0.117872 0.254316
-4.87207 182.814 -170.15 0.954787 0.10693 -0.115161 0.252359
-4.65515 183.393 -170.189 0.955686 0.102648 -0.113118 0.25166
-4.46319 183.729 -170.243 0.955723 0.0986828 -0.11131 0.253903
-4.416 184.151 -170.344 0.95575 0.0949744 -0.110228 0.255678
-4.55993 184.433 -170.487 0.956221 0.0910935 -0.109942 0.255457
-4.56102 184.611 -170.638 0.95644 0.0881958 -0.109014 0.256048
-4.39913 184.729 -170.724 0.95629 0.0861448 -0.107814 0.257807
-4.27353 185.117 -170.733 0.956827 0.0832509 -0.106367 0.257364
-4.007 185.797 -170.682 0.957168 0.079458 -0.104306 0.25814
-3.77961 186.432 -170.555 0.957777 0.076818 -0.102712 0.257316
-3.81137 186.659 -170.539 0.958396 0.0745043 -0.101261 0.256266
-3.88847 186.445 -170.446 0.958667 0.0728198 -0.0999778 0.256242
-3.81039 186.214 -170.303 0.958407 0.072108 -0.098627 0.257933
-3.6648 186.406 -170.075 0.958878 0.070664 -0.0972228 0.257114
-3.41193 186.975 -169.879 0.959298 0.0677707 -0.0949088 0.257189
-3.17954 187.398 -169.773 0.959187 0.0653111 -0.0929131 0.258963
-3.27706 187.422 -169.798 0.959426 0.0633075 -0.0915558 0.259058
-3.39954 187.501 -169.769 0.95983 0.0621477 -0.090712 0.25814
-3.27078 187.643 -169.567 0.959893 0.0612036 -0.0899328 0.258402
-3.21131 187.896 -169.605 0.960117 0.0594994 -0.0889121 0.25832
-3.20109 187.726 -169.588 0.96005 0.058829 -0.0882867 0.258937
-3.27582 188.107 -169.853 0.960902 0.0593019 -0.0905827 0.254845
-3.33223 187.835 -169.965 0.960756 0.0586984 -0.0898784 0.255781
-3.37054 187.611 -170.094 0.960751 0.0575348 -0.0893152 0.256262
-3.51377 185.931 -170.331 0.959468 0.0567513 -0.0883749 0.261514
-3.63419 185.125 -170.575 0.959264 0.057224 -0.0894015 0.261815
-3.63419 185.125 -170.575 0.959264 0.057224 -0.0894015 0.261815
-3.89272 183.925 -170.948 0.959095 0.0575766 -0.0905361 0.261963
-4.06848 183.011 -171.363 0.958938 0.05796 -0.0914205 0.262147
-4.00964 182.338 -171.658 0.95853 0.0581809 -0.0924166 0.263237
-4.2902 181.41 -172.021 0.95831 0.0583865 -0.0933884 0.263649
-4.68221 180.579 -172.403 0.958213 0.0582854 -0.0941203 0.263765
-4.77346 180.22 -172.516 0.958267 0.0572414 -0.0936593 0.263961
-4.65924 180.205 -172.48 0.958686 0.0560959 -0.0923133 0.263159
-4.69613 180.053 -172.735 0.95905 0.0538315 -0.0910329 0.262754
-4.6416 179.854 -173.056 0.959413 0.0510562 -0.0899019 0.262373
-4.74082 179.156 -173.582 0.959651 0.0486398 -0.089638 0.262049
-4.86638 178.106 -174.116 0.959867 0.0468 -0.0896376 0.261593
-4.71871 177.366 -174.622 0.95984 0.0450572 -0.0895289 0.262034
-4.54614 176.645 -175.081 0.959836 0.0439732 -0.0896513 0.262191
-4.46861 175.478 -175.445 0.959714 0.0435006 -0.0896281 0.262723
-4.40707 174.256 -175.724 0.959533 0.0435929 -0.0899949 0.263243
-4.40197 172.694 -175.934 0.959401 0.0435475 -0.0895105 0.263895
-4.14636 171.315 -175.906 0.959433 0.0437678 -0.0883414 0.264136
-3.81177 170.201 -175.834 0.959507 0.043652 -0.0863367 0.26455
-3.59419 168.986 -175.783 0.95943 0.0433336 -0.0848554 0.265363
-3.59433 167.606 -175.686 0.959762 0.0434526 -0.0836033 0.264538
-3.68221 166.382 -175.718 0.959928 0.0439878 -0.0827228 0.264123
-3.76069 165.36 -175.608 0.960148 0.0443062 -0.0819278 0.263517
-3.8951 164.695 -175.551 0.960268 0.0437473 -0.0816708 0.263252
-4.17407 164.165 -175.549 0.960607 0.0433688 -0.0811332 0.262244
-4.53389 163.476 -175.549 0.960883 0.0432613 -0.0808987 0.261319
-5.05522 162.805 -175.569 0.961378 0.0433824 -0.0810038 0.25944
-5.411 162.402 -175.49 0.961643 0.0433884 -0.0808333 0.258509
-5.58951 162.094 -175.189 0.961921 0.0433204 -0.0796352 0.257853
-5.75318 161.841 -174.804 0.961852 0.0430623 -0.0779305 0.258677
-5.75318 161.841 -174.804 0.961852 0.0430623 -0.0779305 0.258677
-5.94593 161.594 -174.246 0.961936 0.0436962 -0.0761706 0.258784
-6.21892 161.074 -173.611 0.961853 0.0448967 -0.0747638 0.259296
-6.53715 160.484 -172.933 0.961777 0.0472496 -0.0737663 0.259443
-6.79519 160.036 -172.427 0.962036 0.0490877 -0.0731571 0.258311
-7.08247 159.691 -172.079 0.962264 0.0498769 -0.0725155 0.257492
-7.41554 159.467 -171.964 0.962407 0.0502967 -0.0721766 0.25697
-7.66279 159.502 -171.883 0.962602 0.0504152 -0.0719175 0.256289
-7.72298 159.859 -171.675 0.962914 0.0505712 -0.0715288 0.255191
-7.69736 160.457 -171.53 0.963249 0.0507159 -0.0708273 0.254094
-7.5893 161.076 -171.353 0.963395 0.0510008 -0.0697707 0.253773
-7.50915 161.82 -171.175 0.963863 0.0516084 -0.0692301 0.252014
-7.51732 162.16 -171.032 0.9642 0.0526081 -0.0696138 0.250409
-7.53848 162.302 -170.957 0.964448 0.0534904 -0.0697228 0.249232
-7.54964 162.303 -170.893 0.964525 0.0539651 -0.070213 0.248697
-7.49386 162.305 -170.818 0.964449 0.0544573 -0.0700825 0.248919
-6.98247 161.766 -170.945 0.963189 0.0549939 -0.0698738 0.253693
-6.92537 161.977 -170.787 0.96342 0.0551912 -0.0697366 0.252812
-6.88208 161.988 -170.633 0.963521 0.055728 -0.0694718 0.25238
-7.22519 161.344 -170.138 0.964181 0.0566842 -0.0694351 0.249642
-7.22626 161.09 -169.895 0.964216 0.0576676 -0.0690626 0.249386
-7.28114 160.768 -169.549 0.964156 0.0588511 -0.0683178 0.249544
-7.31936 160.386 -168.931 0.964033 0.0612819 -0.068215 0.249464
-7.31775 160.121 -168.305 0.963879 0.0634004 -0.0677433 0.249657
-7.358 159.831 -167.629 0.96383 0.0655392 -0.0670648 0.249478
-7.70511 159.256 -167.07 0.963737 0.0675149 -0.0664323 0.24948
-8.19667 158.452 -166.666 0.963397 0.0697911 -0.0664251 0.250169
-8.64262 157.771 -166.421 0.963187 0.0716908 -0.066164 0.250505
-9.2542 157.144 -166.537 0.963271 0.073308 -0.0658544 0.249796
-9.91705 156.562 -167.047 0.96331 0.0743444 -0.0656221 0.249401
-10.6008 156.036 -167.946 0.96311 0.0744345 -0.0651883 0.250259
-11.5077 155.385 -169.146 0.962862 0.0749917 -0.065869 0.250868
-12.3901 154.811 -170.309 0.962769 0.0761619 -0.0664421 0.250721
-13.1026 154.28 -171.292 0.962883 0.0774532 -0.0668002 0.24979
-13.7847 153.208 -172.035 0.962785 0.0798318 -0.0665766 0.24948
-14.4463 151.279 -172.557 0.961665 0.0847204 -0.0674885 0.25193
-15.2414 148.964 -173.036 0.961166 0.0895392 -0.0682114 0.251973
-15.9284 146.229 -173.474 0.959954 0.0951608 -0.0708965 0.253788
-16.4231 143.527 -173.784 0.959171 0.0993284 -0.0717024 0.254921
-16.4231 143.527 -173.784 0.959171 0.0993284 -0.0717024 0.254921
-16.5238 140.853 -173.934 0.958322 0.102464 -0.0716313 0.256885
-16.4205 138.237 -174.058 0.957339 0.10612 -0.0723993 0.258841
-16.1322 135.876 -174.154 0.956558 0.109026 -0.0724749 0.260496
-15.5744 133.772 -174.148 0.955874 0.111182 -0.0716602 0.262313
-14.8618 131.901 -174.223 0.955267 0.112155 -0.0704561 0.264427
-14.2122 130.164 -174.509 0.954936 0.112039 -0.0701083 0.265762
-13.7167 128.388 -174.984 0.954453 0.112006 -0.0709304 0.267291
-13.2591 126.565 -175.372 0.953561 0.112279 -0.0722449 0.269994
-12.6274 125.208 -175.424 0.952915 0.111739 -0.0718052 0.272602
-12.1071 123.981 -175.123 0.952742 0.112247 -0.0708681 0.273241
-11.7558 122.533 -174.764 0.952334 0.112716 -0.0703163 0.27461
-11.6549 121.077 -174.317 0.952442 0.113175 -0.0696976 0.274206
-11.6773 119.585 -173.837 0.951811 0.114596 -0.0696836 0.275804
-11.6673 118.413 -173.275 0.95156 0.114483 -0.0687301 0.276954
-11.7312 117.486 -172.722 0.95167 0.113751 -0.0676614 0.277143
-11.881 116.658 -172.232 0.951664 0.113131 -0.0672712 0.277512
-12.0285 115.794 -171.78 0.951785 0.112013 -0.0666204 0.277705
-12.1497 114.774 -171.281 0.951679 0.111498 -0.066428 0.278323
-12.2837 113.883 -170.801 0.951727 0.111456 -0.0663848 0.278183
-12.3745 113.16 -170.275 0.951669 0.111254 -0.0660169 0.278551
-12.4207 112.318 -169.7 0.951565 0.110953 -0.065256 0.279206
-12.5213 111.436 -169.128 0.951123 0.1113 -0.0649702 0.280635
-12.6393 110.657 -168.441 0.950984 0.111941 -0.0643718 0.280988
-12.6756 109.977 -167.738 0.951078 0.112203 -0.0630831 0.280858
-12.8279 109.281 -167.1 0.951302 0.11233 -0.0627481 0.280125
-13.0232 108.598 -166.582 0.95128 0.112257 -0.0620211 0.280389
-13.2396 107.971 -166.171 0.951436 0.112148 -0.0612627 0.280069
-13.4873 107.212 -165.823 0.951248 0.112135 -0.061246 0.280717
-13.6504 106.548 -165.495 0.951323 0.111992 -0.0607348 0.280632
-13.8624 105.821 -165.276 0.951119 0.112064 -0.0611225 0.281211
-13.8624 105.821 -165.276 0.951119 0.112064 -0.0611225 0.281211
-14.098 104.99 -165.077 0.951111 0.112026 -0.0610126 0.281273
-14.3503 104.099 -164.88 0.951368 0.111888 -0.0614865 0.280355
-14.5937 103.174 -164.569 0.951435 0.112377 -0.06189 0.279844
-14.7794 102.415 -164.218 0.951321 0.112902 -0.0620625 0.279981
-14.881 101.643 -163.783 0.951471 0.112735 -0.0617729 0.279604
-14.9865 100.739 -163.238 0.951316 0.113604 -0.0614758 0.279846
-15.1135 99.9148 -162.724 0.951466 0.114095 -0.0608899 0.279264
-15.4003 98.7168 -162.274 0.951481 0.115082 -0.0611969 0.27874
-15.8218 97.3014 -161.844 0.951586 0.116204 -0.0612887 0.277894
-16.1933 96.0238 -161.444 0.951414 0.116243 -0.0611293 0.2785
-16.5568 94.8423 -161.007 0.95099 0.11547 -0.0607772 0.280341
-16.9313 93.8127 -160.565 0.950794 0.114447 -0.0596314 0.28167
-17.2865 92.6285 -160.088 0.950858 0.113382 -0.0585354 0.282113
-17.7827 91.125 -159.644 0.950466 0.113542 -0.0584981 0.283374
-18.2091 89.7836 -159.202 0.950176 0.112629 -0.0578485 0.284841
-18.8198 88.6689 -158.84 0.950047 0.111867 -0.0565196 0.285835
-19.4002 87.7009 -158.382 0.950127 0.110472 -0.0555987 0.286292
-20.0122 86.8761 -157.92 0.950263 0.109843 -0.0547482 0.286248
-20.6271 85.9811 -157.487 0.950091 0.109701 -0.0545888 0.286902
-21.2474 85.2152 -157.072 0.949918 0.10975 -0.0544043 0.28749
-21.9087 84.6934 -156.711 0.950081 0.109086 -0.054329 0.287221
-22.5259 84.25 -156.243 0.950181 0.108514 -0.0540163 0.287161
-23.0186 83.8598 -155.806 0.950379 0.10788 -0.0533668 0.286869
-23.6743 83.4222 -155.42 0.950387 0.108076 -0.0535289 0.286737
-24.2492 83.1473 -155.001 0.950585 0.107936 -0.0530286 0.286229
-24.7506 82.9002 -154.619 0.95081 0.10724 -0.0525508 0.285831
-25.2786 82.6112 -154.327 0.950837 0.107024 -0.0525081 0.285829
-25.6608 82.3589 -154.059 0.951082 0.106347 -0.0518678 0.285381
-25.9132 81.8769 -153.84 0.950923 0.106255 -0.0514331 0.286025
-26.2416 81.1064 -153.722 0.95089 0.106402 -0.0516973 0.286033
-26.4042 80.3617 -153.59 0.950801 0.10594 -0.0512254 0.286583
-26.5342 79.601 -153.527 0.950977 0.105525 -0.0506279 0.286259
-26.6768 78.3625 -153.505 0.950467 0.106015 -0.0504594 0.287796
-26.7788 76.9626 -153.559 0.950216 0.106457 -0.0496072 0.288612
-27.0102 75.3699 -153.579 0.949987 0.107486 -0.0496269 0.288978
-27.3602 73.862 -153.536 0.949679 0.108751 -0.0494784 0.289543
-27.6885 72.7562 -153.43 0.949848 0.108263 -0.0487497 0.289294
-27.9856 71.7137 -153.188 0.949923 0.108286 -0.0483258 0.289113
-28.2713 70.6937 -152.903 0.950227 0.108312 -0.0475866 0.288224
-28.5151 69.393 -152.555 0.949924 0.10943 -0.0469907 0.288899
-28.8659 67.7256 -152.255 0.948895 0.111308 -0.0472811 0.291504
-29.2588 66.2679 -151.98 0.947962 0.112726 -0.0476189 0.293925
-29.7721 65.2641 -151.644 0.948028 0.113702 -0.047764 0.293314
-30.0871 64.511 -151.215 0.948163 0.113874 -0.0468455 0.292959
-30.4042 63.9354 -150.884 0.948191 0.113629 -0.045994 0.293098
-30.7739 63.2791 -150.631 0.947533 0.114197 -0.0464624 0.294926
-31.1922 62.9212 -150.408 0.947587 0.114096 -0.0461497 0.294841
-31.4858 63.2232 -150.224 0.94824 0.112707 -0.0453807 0.293393
-31.7358 63.4262 -150.094 0.948461 0.11253 -0.0448214 0.292831
-32.054 62.8256 -150.099 0.947744 0.114577 -0.0454849 0.294252
-32.054 62.8256 -150.099 0.947744 0.114577 -0.0454849 0.294252
-32.4446 61.7818 -150.363 0.946523 0.116649 -0.0470415 0.29711
-32.8508 60.7423 -150.633 0.945261 0.118448 -0.0486511 0.300141
-33.1767 60.1577 -150.776 0.94474 0.118551 -0.049008 0.301678
-33.4941 60.2024 -150.736 0.944789 0.118015 -0.0487875 0.30177
-33.6955 60.4863 -150.508 0.945485 0.117001 -0.0477631 0.300146
-33.8926 60.2855 -150.284 0.945139 0.11767 -0.0476542 0.300991
-34.1876 59.7823 -150.041 0.94489 0.118369 -0.0478994 0.301459
-34.3314 59.3431 -149.745 0.944309 0.11951 -0.0483443 0.302757
-34.4861 59.0377 -149.395 0.944088 0.120421 -0.0485142 0.303056
-34.4545 58.6716 -149.089 0.94379 0.121362 -0.0477678 0.303726
-34.5353 57.6049 -149.023 0.942554 0.124049 -0.0485831 0.30634
-34.7717 55.8653 -149.167 0.940361 0.128165 -0.0504854 0.311042
-34.9805 54.6124 -149.297 0.939205 0.130254 -0.0516473 0.313464
-34.9432 54.3433 -149.225 0.938959 0.130559 -0.0515416 0.314091
-34.7777 54.607 -148.946 0.939221 0.130574 -0.0506191 0.313452
-34.653 54.9702 -148.696 0.939693 0.130117 -0.049444 0.312414
-34.6075 54.6019 -148.572 0.938915 0.132274 -0.049737 0.313796
-34.6075 54.6019 -148.572 0.938915 0.132274 -0.049737 0.313796
-34.744 53.6402 -148.529 0.937907 0.135248 -0.0511181 0.315317
-34.7633 53.3866 -148.397 0.937736 0.136308 -0.0509694 0.315394
-34.6668 53.9694 -148.111 0.938 0.13519 -0.0501189 0.315228
-34.598 54.851 -147.769 0.938451 0.133973 -0.048828 0.314605
-34.594 55.8109 -147.437 0.939552 0.132278 -0.0478979 0.312172
-34.5654 56.9021 -147.091 0.940917 0.130169 -0.0465419 0.309137
-34.4676 57.817 -146.761 0.941679 0.12878 -0.0454742 0.307554
-34.3858 58.5133 -146.463 0.94242 0.127756 -0.0445384 0.305844
-34.2742 58.9653 -146.219 0.942774 0.127485 -0.0437908 0.30497
-34.2237 59.2248 -146.034 0.943207 0.127385 -0.0435778 0.303702
-34.1405 59.639 -145.843 0.943758 0.126782 -0.0426399 0.302373
-33.9717 60.2051 -145.643 0.943836 0.125958 -0.0417012 0.302604
-33.7538 60.7193 -145.48 0.943789 0.125076 -0.0409612 0.303218
-33.5714 61.1685 -145.378 0.94364 0.124211 -0.0403203 0.304122
-33.4244 61.6114 -145.315 0.943561 0.123635 -0.0400898 0.304632
-33.3208 61.8086 -145.294 0.94345 0.12364 -0.0402367 0.304954
-33.3426 61.8162 -145.309 0.943753 0.123856 -0.0400427 0.303954
-33.3926 61.6068 -145.393 0.943714 0.124357 -0.0405319 0.303805
-33.5202 61.23 -145.452 0.943505 0.125314 -0.0411585 0.303976
-33.5766 61.0034 -145.492 0.943897 0.124906 -0.0410327 0.302944
-33.6836 60.5511 -145.561 0.943728 0.126395 -0.0420068 0.302718
-33.8133 59.9602 -145.589 0.943425 0.127774 -0.0428335 0.302966
-33.8133 59.9602 -145.589 0.943425 0.127774 -0.0428335 0.302966
-33.6738 59.9881 -145.527 0.943377 0.127533 -0.0419479 0.303341
-33.5522 60.1793 -145.478 0.9435 0.127056 -0.0415344 0.303217
-33.533 59.982 -145.498 0.943264 0.127444 -0.0419054 0.303736
-33.5532 59.827 -145.541 0.943368 0.127411 -0.0422193 0.303382
-33.4715 59.8143 -145.548 0.943417 0.127518 -0.041881 0.303232
-33.4578 59.5841 -145.58 0.94335 0.128128 -0.0422095 0.303137
-33.4898 59.3893 -145.603 0.943397 0.12766 -0.0424198 0.30316
-33.391 59.5315 -145.632 0.94362 0.127043 -0.0418005 0.302811
-33.3959 59.2532 -145.629 0.943087 0.127501 -0.0423543 0.304198
-33.436 59.0835 -145.683 0.943084 0.127655 -0.0423365 0.304144
-33.3777 59.295 -145.667 0.943517 0.127056 -0.0420943 0.303087
-33.3192 59.3814 -145.651 0.943746 0.126477 -0.0421729 0.302601
-33.2459 59.4297 -145.625 0.943746 0.12642 -0.0420553 0.302644
-33.1886 59.4139 -145.622 0.943539 0.126926 -0.0420769 0.303075
-33.1557 59.3772 -145.612 0.943259 0.127591 -0.0422871 0.303636
-33.3054 60.1791 -145.413 0.943606 0.128241 -0.0422734 0.302284
-33.3887 60.3198 -145.311 0.943764 0.128837 -0.0421584 0.301551
-33.5448 60.2971 -145.271 0.943603 0.129369 -0.0423924 0.301795
-33.7135 60.2532 -145.243 0.943744 0.129408 -0.0423518 0.301343
-33.8 60.1543 -145.175 0.943798 0.129637 -0.0421395 0.301103
-33.8841 60.0644 -145.092 0.943755 0.129537 -0.0416902 0.301346
-33.8841 60.0644 -145.092 0.943755 0.129537 -0.0416902 0.301346
-33.9498 60.1071 -145.041 0.943652 0.128643 -0.041226 0.302115
-33.9189 60.0965 -144.995 0.943668 0.128182 -0.0407845 0.30232
-33.6219 59.7716 -145.18 0.943684 0.128685 -0.0415077 0.301956
-33.7401 59.6775 -145.216 0.943785 0.1285 -0.0417041 0.301691
-33.7107 59.6463 -145.213 0.943691 0.128532 -0.0415423 0.301996
-33.641 59.6158 -145.197 0.943527 0.128675 -0.0414064 0.302465
-33.6094 59.5716 -145.194 0.943419 0.128687 -0.0414567 0.302791
-33.5807 59.5156 -145.232 0.943355 0.128601 -0.041458 0.303025
-33.5602 59.4162 -145.264 0.943256 0.128614 -0.0414734 0.303326
-33.5349 59.3755 -145.298 0.943349 0.128187 -0.0413514 0.303234
-33.4554 59.2016 -145.392 0.94322 0.127878 -0.0412397 0.30378
-33.5538 58.8008 -145.499 0.942901 0.128232 -0.0417716 0.304547
-33.6486 58.548 -145.591 0.942947 0.128304 -0.0417914 0.304374
-33.5864 58.4486 -145.578 0.942863 0.128224 -0.041652 0.304683
-33.5598 58.3182 -145.535 0.942863 0.128643 -0.0415408 0.304525
-33.6264 58.1666 -145.54 0.942819 0.12915 -0.0416817 0.304425
-33.6725 58.178 -145.486 0.942879 0.128803 -0.0414241 0.304424
-33.6276 58.2944 -145.46 0.942665 0.128508 -0.0411198 0.305249
-33.4865 58.0987 -145.571 0.942771 0.128977 -0.0413817 0.304689
-33.5544 57.9923 -145.595 0.942777 0.128894 -0.0415744 0.304681
-33.5431 58.0295 -145.569 0.942807 0.128653 -0.0414067 0.304711
-33.5033 57.902 -145.56 0.942418 0.12968 -0.0414004 0.305479
-33.5033 57.902 -145.56 0.942418 0.12968 -0.0414004 0.305479
-33.5488 57.7789 -145.561 0.942214 0.13039 -0.0416272 0.305777
-33.7286 58.2376 -145.484 0.942683 0.129378 -0.0415262 0.30477
-33.752 58.2673 -145.471 0.942702 0.129478 -0.0415785 0.304661
-33.7637 58.3061 -145.463 0.942627 0.129729 -0.0416227 0.304782
-33.7768 58.3538 -145.463 0.942625 0.129914 -0.0416709 0.304703
-33.7814 58.3925 -145.462 0.942589 0.13022 -0.0417471 0.304674
-33.771 58.4508 -145.447 0.942542 0.130595 -0.041799 0.304651
-33.7683 58.5036 -145.438 0.942567 0.13082 -0.0417562 0.304483
-33.4755 58.1621 -145.496 0.942113 0.132122 -0.0415728 0.305351
-33.722 58.585 -145.425 0.942451 0.131417 -0.0418034 0.30458
-33.6916 58.6243 -145.43 0.94251 0.131393 -0.0417213 0.304416
-33.2585 58.0137 -145.513 0.941702 0.133465 -0.0412804 0.306073
-33.1381 57.6778 -145.549 0.941202 0.134759 -0.0412777 0.307042
-33.03 57.4759 -145.539 0.940986 0.135363 -0.0411275 0.307459
-32.8152 57.3884 -145.503 0.940835 0.135684 -0.0405357 0.307859
-32.6205 57.2267 -145.509 0.940701 0.135997 -0.0400983 0.308184
-32.3086 56.5936 -145.528 0.939954 0.136487 -0.0396252 0.310303
-31.9584 55.9567 -145.668 0.939186 0.136945 -0.0394543 0.31244
-31.4858 55.5992 -145.634 0.939108 0.13722 -0.0381414 0.312718
-30.9188 55.5794 -145.424 0.939394 0.137309 -0.0360744 0.312063
-30.4961 55.693 -145.139 0.939716 0.137839 -0.0346424 0.311021
-30.061 55.7262 -144.773 0.939833 0.138694 -0.0330486 0.310459
-29.5646 55.6402 -144.335 0.939834 0.140234 -0.0311637 0.30996
-29.2461 55.4567 -144.002 0.939755 0.141551 -0.0299613 0.309719
-29.1843 55.3811 -143.838 0.939711 0.142094 -0.0297307 0.309628
-29.1843 55.3811 -143.838 0.939711 0.142094 -0.0297307 0.309628
-29.0471 55.467 -143.694 0.939427 0.142124 -0.0292466 0.310519
-28.9191 55.6968 -143.537 0.939525 0.14217 -0.0288819 0.310237
-28.8178 56.0756 -143.395 0.939626 0.142267 -0.0287251 0.309902
-28.7157 56.5322 -143.226 0.939551 0.142681 -0.0287614 0.309934
-28.573 57.1572 -142.982 0.939857 0.142547 -0.0280732 0.30913
-28.3808 57.9761 -142.678 0.940173 0.142255 -0.0271923 0.308382
-28.2009 58.8235 -142.355 0.940495 0.141904 -0.0262547 0.307641
-28.0884 59.6361 -142.114 0.940766 0.141322 -0.0257249 0.307125
-28.0158 60.2727 -141.93 0.941021 0.141284 -0.0256165 0.30637
-27.881 60.6426 -141.843 0.940924 0.14166 -0.0252702 0.306523
-27.8249 60.812 -141.797 0.940921 0.141853 -0.0256106 0.306415
-27.7017 60.9206 -141.694 0.940907 0.141861 -0.0256254 0.306453
-27.508 60.979 -141.561 0.941015 0.142143 -0.0248456 0.306053
-27.3134 60.71 -141.401 0.940668 0.14289 -0.0248286 0.306774
-27.163 60.5127 -141.256 0.940604 0.143209 -0.0243663 0.306857
-27.0209 60.4805 -141.135 0.940577 0.142692 -0.0238361 0.307224
-26.8403 60.3504 -140.989 0.940345 0.142853 -0.0233193 0.307899
-26.6009 60.0002 -140.793 0.940128 0.142957 -0.0230491 0.308531
-26.529 59.8719 -140.698 0.940274 0.143039 -0.0227099 0.308073
-26.5066 59.6486 -140.668 0.940379 0.14345 -0.0226462 0.307564
-26.5924 59.2364 -140.704 0.940514 0.144255 -0.022895 0.306757
-26.7372 58.7252 -140.824 0.94043 0.14468 -0.0235417 0.306767
-26.8356 58.248 -140.937 0.940184 0.144797 -0.0238395 0.30744
-26.8999 57.933 -141.015 0.940344 0.144148 -0.0238764 0.307254
-26.9214 57.7744 -141.063 0.94037 0.143315 -0.0237098 0.307575
-26.9406 57.6865 -141.097 0.94032 0.142908 -0.0233737 0.307943
-26.9561 57.5207 -141.035 0.940434 0.143048 -0.023065 0.307555
-26.9994 57.3934 -140.96 0.940548 0.142942 -0.022757 0.307278
-27.0778 57.248 -140.91 0.940538 0.143418 -0.0228135 0.307081
-27.1869 56.9639 -140.859 0.940281 0.144399 -0.023306 0.307372
-27.31 57.0093 -140.851 0.940068 0.144285 -0.0235125 0.308062
-27.3196 57.3501 -140.706 0.939953 0.144248 -0.0233407 0.308441
-27.3581 57.6762 -140.559 0.940278 0.144301 -0.0224974 0.307486
-27.4701 57.7182 -140.426 0.939869 0.14546 -0.0227923 0.308169
-27.4701 57.7182 -140.426 0.939869 0.14546 -0.0227923 0.308169
-27.6113 58.0601 -140.25 0.940129 0.14537 -0.0224854 0.30744
-27.6035 58.7791 -140.057 0.940554 0.145044 -0.0215613 0.30636
-27.6453 59.1043 -139.927 0.94031 0.145542 -0.0216046 0.306869
-27.7336 59.2171 -139.884 0.940146 0.145578 -0.0217627 0.307342
-27.751 59.3497 -139.829 0.939995 0.146114 -0.0216934 0.307554
-27.8402 59.2889 -139.827 0.940189 0.146927 -0.0221353 0.30654
-27.9811 59.0065 -139.835 0.940254 0.148245 -0.0227602 0.30566
-28.091 58.8609 -139.824 0.940377 0.148541 -0.0227 0.305143
-28.0308 58.9313 -139.742 0.940254 0.148092 -0.0223658 0.305762
-28.0517 59.0133 -139.734 0.940195 0.14744 -0.0224594 0.306252
-27.7895 58.6158 -139.879 0.939934 0.147742 -0.0221878 0.306927
-27.8724 58.5224 -139.935 0.94001 0.147954 -0.0224274 0.306575
-27.9729 58.4631 -140.003 0.940082 0.148074 -0.0229475 0.306258
-27.9648 58.5733 -140.002 0.940385 0.147449 -0.0227586 0.305642
-27.8826 58.4762 -140.02 0.940142 0.148078 -0.0226561 0.306093
-27.933 58.3009 -140.059 0.940093 0.14812 -0.0229247 0.306203
-27.9172 58.2298 -140.068 0.940057 0.147906 -0.0227989 0.306425
-27.9324 58.1709 -140.07 0.940041 0.147776 -0.0228046 0.306538
-27.9497 58.0382 -140.088 0.93993 0.147956 -0.02286 0.306787
-28.016 58.0454 -140.089 0.940168 0.147343 -0.0230094 0.306342
-28.0029 58.1096 -140.068 0.940158 0.14729 -0.0230284 0.306395
-27.9505 58.1513 -140.034 0.940157 0.147387 -0.0228712 0.306364
-27.9478 58.1238 -140.021 0.940114 0.147815 -0.0229455 0.306284
-27.9859 58.2305 -140.002 0.940397 0.147495 -0.0229669 0.305567
-27.9855 58.4398 -139.964 0.94069 0.14703 -0.0228961 0.304895
-27.9946 58.6618 -139.935 0.940986 0.146642 -0.0227839 0.304176
-27.9946 58.6618 -139.935 0.940986 0.146642 -0.0227839 0.304176
-27.9944 58.7577 -139.927 0.941094 0.146819 -0.0227621 0.303756
-28.0213 58.7309 -139.981 0.94114 0.147253 -0.0228721 0.303397
-28.0866 58.6683 -140.058 0.941216 0.147527 -0.0231726 0.303004
-28.0653 58.6246 -140.121 0.941215 0.147833 -0.0230488 0.302866
-28.0296 58.5171 -140.225 0.941108 0.14824 -0.0232965 0.30298
-28.0296 58.5171 -140.225 0.941108 0.14824 -0.0232965 0.30298
-27.9644 58.6634 -140.269 0.941122 0.147784 -0.0233679 0.303155
-27.9893 58.6992 -140.299 0.941248 0.147374 -0.023463 0.302957
-27.9886 58.5414 -140.356 0.940903 0.148127 -0.0237413 0.303638
-27.998 58.3501 -140.394 0.94057 0.1487 -0.0240988 0.304361
-27.9658 58.3012 -140.37 0.940355 0.148856 -0.0241889 0.304941
-27.9836 58.1533 -140.357 0.939901 0.150175 -0.0244479 0.305671
-28.0946 58.0146 -140.37 0.939689 0.15107 -0.0249512 0.305841
-28.1608 58.0512 -140.3 0.939686 0.151445 -0.0250455 0.305659
-28.7354 58.862 -139.886 0.941011 0.152458 -0.0252714 0.301026
-28.8436 58.94 -139.682 0.941005 0.153817 -0.0253794 0.300341
-28.8836 59.0232 -139.547 0.941072 0.154587 -0.0251628 0.299755
-28.9692 59.043 -139.496 0.941287 0.155264 -0.0252205 0.298724
-29.038 58.9775 -139.468 0.941369 0.155416 -0.0253615 0.298374
-29.0077 58.9808 -139.423 0.941102 0.155504 -0.0253636 0.299169
-28.9593 59.2465 -139.617 0.941395 0.154119 -0.0251839 0.29898
-28.8384 59.298 -139.325 0.94114 0.154594 -0.0245267 0.299589
-28.7801 59.3347 -139.342 0.941135 0.154472 -0.0244697 0.299673
-28.7414 58.7575 -139.51 0.94097 0.154824 -0.0251872 0.29995
-28.7773 58.7579 -139.497 0.94115 0.154576 -0.0250125 0.299529
-28.7769 58.7974 -139.481 0.94124 0.154415 -0.0248724 0.29934
-28.7502 58.7525 -139.456 0.941114 0.15464 -0.0249501 0.299614
-28.6407 58.7651 -139.437 0.941015 0.154525 -0.024574 0.300014
-28.5962 58.7873 -139.444 0.941033 0.154279 -0.0245425 0.300088
-28.5469 58.7096 -139.442 0.940851 0.154494 -0.0245716 0.300544
-28.4893 58.7498 -139.417 0.940899 0.154133 -0.0243284 0.300601
-28.4177 58.7945 -139.369 0.940742 0.154315 -0.0242143 0.301007
-28.4034 58.7622 -139.331 0.940546 0.154672 -0.0242936 0.30143
-28.4111 58.797 -139.312 0.940459 0.154712 -0.0242438 0.301682
-28.6698 59.5375 -139.133 0.940158 0.154998 -0.0241856 0.302479
-28.7443 59.7719 -139.018 0.94028 0.155043 -0.0242732 0.30207
