34.4097 197.797 -185.192 0.996554 -0.032514 0.000277484 0.0763128
35.7777 198.843 -185.871 0.996473 -0.0318571 0.00140823 0.0776263
36.6831 198.451 -187.099 0.996825 -0.026966 -0.0025279 0.0748708
38.1731 198.609 -187.865 0.997187 -0.0261319 -0.00213738 0.0702191
38.1731 198.609 -187.865 0.997187 -0.0261319 -0.00213738 0.0702191
38.196 198.085 -188.291 0.997336 -0.0254599 -0.00358916 0.0682712
38.0497 197.07 -188.219 0.997385 -0.0234767 -0.00510726 0.068164
37.6151 195.965 -188.345 0.997475 -0.0212859 -0.00677245 0.0674176
37.0349 194.578 -188.229 0.997504 -0.0186284 -0.0082952 0.0676113
36.6602 193.306 -187.954 0.997519 -0.0163636 -0.00881757 0.0679028
36.5835 192.361 -187.687 0.997519 -0.014765 -0.00758427 0.068414
36.5192 191.276 -187.464 0.997372 -0.0133971 -0.00664032 0.0708875
36.2099 190.064 -187.242 0.997296 -0.011897 -0.00658984 0.0722162
35.8645 188.745 -187.032 0.997172 -0.0106523 -0.00633525 0.07413
35.6312 187.528 -186.791 0.997115 -0.00962082 -0.00582734 0.075066
35.4467 186.324 -186.576 0.997016 -0.0084384 -0.00535422 0.076552
35.1437 185.093 -186.402 0.996976 -0.00750659 -0.00549896 0.0771516
34.8055 183.515 -186.053 0.99682 -0.00620492 -0.00584173 0.079235
34.4213 182.056 -185.908 0.996666 -0.00529894 -0.00592023 0.0811961
34.1278 180.775 -185.75 0.99656 -0.00536588 -0.0055488 0.0825137
33.838 179.543 -185.61 0.996366 -0.00512129 -0.00506742 0.0848714
33.3109 178.219 -185.464 0.996251 -0.00425375 -0.00531878 0.0862366
32.6781 176.877 -185.364 0.996158 -0.00338383 -0.00541599 0.087346
32.1086 175.741 -185.438 0.996023 -0.00305104 -0.00538301 0.0888907
31.456 174.907 -185.642 0.995966 -0.00331753 -0.00583853 0.0894845
30.8808 174.131 -185.95 0.995833 -0.00297739 -0.00626037 0.0909348
30.0759 173.403 -186.581 0.995768 -0.00248273 -0.00755855 0.0915604
28.968 172.548 -187.304 0.995802 -0.00175969 -0.00980781 0.090995
27.7434 171.733 -188.183 0.995839 -0.00078956 -0.0122502 0.0902987
26.583 171.076 -189.107 0.995823 7.66516e-05 -0.0144986 0.0901444
25.1895 170.652 -190.324 0.99578 -0.000354081 -0.0171634 0.0901508
23.3837 170.536 -191.687 0.995743 -0.00134192 -0.0207137 0.0898034
21.1563 170.445 -193.122 0.995767 -0.00315801 -0.0250309 0.0883817
18.4658 170.546 -194.686 0.995735 -0.00628979 -0.0292682 0.0872697
14.9416 170.531 -196.459 0.995247 -0.00825623 -0.0357193 0.0902232
9.75164 168.788 -198.336 0.99443 -0.00827751 -0.0466835 0.0941295
2.96165 165.852 -200.471 0.993853 -0.00802129 -0.0604536 0.0923915
-3.5873 162.406 -202.137 0.993155 -0.00557619 -0.0725914 0.09134
-9.1556 159.071 -203.272 0.992457 -0.00327652 -0.0803445 0.0925416
-14.627 155.894 -204.168 0.99182 -0.00358205 -0.0858716 0.0943738
-21.0027 152.346 -204.95 0.991015 -0.00475695 -0.0924447 0.0965518
-26.949 148.257 -205.4 0.990349 -0.00601407 -0.0964027 0.0993955
-31.5702 144.064 -205.566 0.990309 -0.0080272 -0.0949268 0.101061
-36.0798 138.698 -205.471 0.990244 -0.0068887 -0.0937097 0.102907
-41.1016 132.65 -205.409 0.989808 -0.00305063 -0.0929426 0.107856
-46.1688 126.307 -205.318 0.989065 -0.000418328 -0.0926381 0.114756
-51.1319 119.874 -205.113 0.987888 0.00264728 -0.093163 0.124059
-55.9034 113.882 -204.685 0.986584 0.00522124 -0.0922097 0.134621
-59.5069 109.467 -203.839 0.986486 0.00298637 -0.0864578 0.139147
-62.478 105.576 -202.764 0.986431 0.000680901 -0.079181 0.143822
-65.1071 101.609 -201.179 0.986311 0.000486873 -0.0715156 0.148579
-67.0263 97.8986 -199.482 0.986316 0.00120535 -0.0617755 0.152851
-68.3643 94.1265 -197.318 0.986717 0.00327732 -0.0517092 0.153968
-69.544 90.9452 -195.377 0.986739 0.00816099 -0.0408951 0.156868
-69.544 90.9452 -195.377 0.986739 0.00816099 -0.0408951 0.156868
-69.5344 85.0553 -191.166 0.989413 0.0204615 -0.0173767 0.142626
-69.5271 80.9498 -188.633 0.990652 0.0349783 -0.00717421 0.131662
-69.5271 80.9498 -188.633 0.990652 0.0349783 -0.00717421 0.131662
-68.8901 77.2883 -186.184 0.99159 0.0483427 0.00541449 0.119933
-67.3717 74.4998 -183.946 0.991413 0.0612278 0.0188673 0.114001
-65.6599 72.9639 -182.218 0.990444 0.0722848 0.0311239 0.113254
-63.3855 72.9228 -180.967 0.989573 0.0796832 0.0437476 0.111725
-60.5333 73.398 -179.875 0.988442 0.0869772 0.0544557 0.111586
-58.0213 74.3329 -179.256 0.987086 0.0933677 0.0634909 0.113637
-56.0174 75.487 -178.539 0.985318 0.1056 0.0646878 0.117529
-56.0888 75.8987 -178.141 0.985069 0.109836 0.0628345 0.116735
-56.3399 76.102 -177.456 0.985209 0.112058 0.0608254 0.114489
-56.7925 76.3286 -176.694 0.985524 0.111429 0.059388 0.113137
-57.0816 77.1212 -175.936 0.986063 0.107611 0.0596655 0.111978
-56.9746 77.7833 -175.026 0.986734 0.101161 0.0619554 0.110831
-57.0499 77.9456 -174.151 0.987121 0.0949725 0.0645527 0.111377
-57.6191 77.676 -173.293 0.987382 0.0891294 0.0644346 0.11394
-58.501 76.9945 -172.225 0.987597 0.08398 0.0633036 0.116586
-58.501 76.9945 -172.225 0.987597 0.08398 0.0633036 0.116586
-58.9341 76.5288 -171.021 0.987952 0.0783202 0.0623053 0.118049
-58.7405 76.5631 -169.838 0.988365 0.0717861 0.063859 0.117919
-57.9892 75.9867 -168.334 0.988767 0.0671445 0.0644792 0.116936
-57.3998 74.3342 -166.532 0.988766 0.0675331 0.0636974 0.117152
-57.0604 72.2612 -164.707 0.988599 0.0699816 0.060353 0.118879
-56.3235 70.3594 -162.912 0.988564 0.0711522 0.0594848 0.118915
-55.2264 68.2522 -161.151 0.988352 0.0732512 0.0583661 0.119954
-54.1977 65.9136 -159.493 0.988223 0.0751169 0.057691 0.120185
-53.7126 63.3176 -158.208 0.988001 0.076366 0.0588353 0.120669
-53.1908 60.0082 -156.71 0.987762 0.0803666 0.0562959 0.12123
-52.8574 56.4249 -155.32 0.987262 0.0855737 0.0540479 0.122756
-52.1708 53.5547 -154.004 0.986751 0.0889902 0.0535547 0.124644
-50.7683 51.8337 -152.724 0.986501 0.0892066 0.0563203 0.125245
-49.1229 50.5662 -151.484 0.986061 0.089876 0.0581305 0.127384
-47.7037 49.4954 -150.313 0.985704 0.090452 0.0599208 0.128904
-46.8968 47.9747 -149.359 0.985359 0.0929756 0.0595678 0.129901
-47.2155 45.3865 -148.455 0.984736 0.0988146 0.0552602 0.132202
-48.0366 42.7243 -147.656 0.984141 0.10465 0.0491345 0.134537
-48.2019 41.5586 -146.87 0.984074 0.106505 0.0463829 0.134553
-47.3145 42.3244 -146.226 0.984036 0.10509 0.0492589 0.134914
-46.1623 43.7249 -145.644 0.984045 0.102462 0.051999 0.135847
-45.299 46.3341 -145.118 0.984301 0.0979194 0.0532142 0.136863
-45.1241 47.9421 -145.15 0.984536 0.0953861 0.0522697 0.137322
-44.7761 50.1121 -145.288 0.9851 0.0911607 0.0527944 0.135943
-44.1883 52.3426 -145.457 0.98559 0.0870734 0.0540868 0.134554
-43.8954 53.9816 -145.646 0.985947 0.084865 0.0546011 0.133134
-44.0595 55.0057 -145.894 0.986243 0.0837486 0.0542331 0.131791
-44.4233 55.7488 -146.196 0.986538 0.0830348 0.0531561 0.130468
-44.8421 56.2887 -146.567 0.986666 0.0825578 0.051883 0.130316
-45.115 56.9743 -147.0 0.986939 0.0816335 0.0516557 0.128916
-45.115 56.9743 -147.0 0.986939 0.0816335 0.0516557 0.128916
-45.3044 57.7069 -147.563 0.987187 0.0799841 0.0512449 0.128214
-45.4455 58.509 -148.17 0.987475 0.0777179 0.0510156 0.127478
-45.4112 59.3741 -148.793 0.987728 0.0753334 0.0513422 0.126814
-45.2839 60.0122 -149.259 0.987999 0.0732461 0.0516874 0.125781
-45.2477 60.047 -149.5 0.987952 0.0736324 0.0518332 0.125868
-45.2869 59.6792 -149.603 0.987833 0.0749066 0.0518657 0.126033
-45.3288 59.2208 -149.614 0.987595 0.0765925 0.0517104 0.126953
-45.1329 59.036 -149.584 0.987354 0.0777031 0.0530644 0.12759
-45.0314 58.7014 -149.502 0.987224 0.0796152 0.0535404 0.127217
-45.5481 57.7909 -149.481 0.986969 0.0832969 0.0509048 0.127912
-45.9992 57.1568 -149.414 0.986855 0.0859511 0.0494542 0.127613
-45.8284 57.1916 -149.395 0.986748 0.0878253 0.0499751 0.126952
-45.6496 56.913 -149.197 0.98627 0.0918647 0.0495348 0.127979
-45.6987 56.0698 -148.859 0.985642 0.0976648 0.0481446 0.129049
-45.8049 54.9722 -148.466 0.984795 0.104596 0.0468919 0.130534
-45.8553 54.1976 -148.163 0.983918 0.110994 0.0458326 0.132229
-45.7428 53.7546 -147.904 0.983273 0.11628 0.0445416 0.132929
-45.4292 53.9656 -147.767 0.98298 0.119421 0.0442207 0.132417
-44.9585 54.5329 -147.745 0.982689 0.121708 0.0448731 0.132275
-44.7215 54.8766 -147.785 0.982408 0.12431 0.0439843 0.132235
-44.6794 55.19 -147.857 0.982241 0.126401 0.0428761 0.131859
-44.5087 55.7326 -147.993 0.982093 0.128131 0.0421144 0.131538
-44.2087 56.4677 -148.032 0.982124 0.129215 0.0416549 0.130389
-43.7327 57.2983 -147.998 0.982097 0.129895 0.0425996 0.129603
-43.264 57.685 -147.742 0.981891 0.132227 0.0425002 0.128847
-42.9303 58.0192 -147.407 0.981816 0.134299 0.0427383 0.127178
-42.3876 58.4787 -146.993 0.981585 0.136299 0.0434138 0.126607
-41.834 58.8231 -146.497 0.981324 0.138893 0.044344 0.125489
-41.1867 59.0975 -145.902 0.981054 0.141476 0.04498 0.124474
-40.3855 59.981 -145.407 0.981097 0.141576 0.0470804 0.123241
-39.5457 60.8546 -144.92 0.980984 0.141981 0.0481187 0.123278
-39.1431 61.0432 -144.39 0.980793 0.143586 0.0484698 0.122798
-38.9398 60.8583 -143.912 0.9805 0.145845 0.0475963 0.122818
-38.9398 60.8583 -143.912 0.9805 0.145845 0.0475963 0.122818
-38.707 60.8306 -143.522 0.98032 0.146993 0.047793 0.122812
-38.2049 60.8378 -143.109 0.980163 0.147362 0.0484707 0.123355
-37.7282 60.8042 -142.723 0.980007 0.147312 0.0499765 0.124046
-37.3684 60.6519 -142.323 0.979917 0.146742 0.0506143 0.125173
-37.1102 60.4061 -141.88 0.979786 0.146423 0.0514027 0.126245
-36.8578 60.1217 -141.353 0.979648 0.146498 0.0517998 0.127064
-36.6333 59.9464 -140.799 0.979557 0.146473 0.0523437 0.12757
-36.3452 59.9308 -140.325 0.979577 0.145757 0.0526074 0.128125
-35.8968 59.9873 -139.885 0.979511 0.145243 0.0538112 0.128716
-35.6061 59.9229 -139.449 0.97952 0.144901 0.054151 0.128886
-35.4972 59.6857 -138.909 0.979565 0.145102 0.0542133 0.128294
-35.3782 59.4219 -138.226 0.979535 0.145511 0.0551772 0.127644
-35.3959 58.9203 -137.423 0.979256 0.147238 0.0554097 0.127706
-35.4041 58.3219 -136.584 0.97895 0.149073 0.0556087 0.127835
-35.27 58.0164 -135.859 0.978888 0.149795 0.0564064 0.127116
-35.151 57.9395 -135.307 0.978898 0.150103 0.0569068 0.126455
-35.0376 57.9124 -134.883 0.978985 0.149525 0.0571892 0.126337
-34.8967 57.9482 -134.647 0.979006 0.148649 0.0578461 0.126901
-34.76 57.9072 -134.431 0.979131 0.147522 0.0579698 0.127199
-34.6005 57.8187 -134.273 0.979122 0.146621 0.0582464 0.128175
-34.4875 57.6714 -134.103 0.979131 0.145922 0.0587074 0.128695
-34.4896 57.3323 -133.876 0.979064 0.145676 0.0586325 0.129516
-34.5371 56.9084 -133.596 0.978958 0.145727 0.0588307 0.130172
-34.61 56.6059 -133.383 0.978987 0.145183 0.0592948 0.130348
-34.7444 56.2508 -133.203 0.978753 0.145823 0.0590585 0.131495
-34.8773 55.8754 -133.077 0.978515 0.146494 0.0585539 0.132738
-34.8733 55.8059 -133.056 0.978528 0.14629 0.0589021 0.132712
-34.8049 55.741 -133.058 0.978463 0.14673 0.0588574 0.132725
-34.7201 55.6006 -133.061 0.978444 0.146943 0.0588941 0.132614
-34.4595 55.6369 -133.098 0.978414 0.146704 0.0596049 0.132779
-34.3315 55.7731 -133.276 0.978539 0.1462 0.0597839 0.132337
-34.2186 55.4933 -133.282 0.978227 0.147245 0.060027 0.133369
-34.2676 55.1831 -133.277 0.978104 0.147786 0.0597019 0.133818
-34.2901 54.7377 -133.179 0.977975 0.148617 0.059765 0.133817
-34.6934 54.2441 -133.131 0.977914 0.149567 0.0583411 0.133833
-35.0434 53.8759 -133.064 0.977923 0.149874 0.0581236 0.133517
-35.1693 53.829 -133.047 0.977943 0.149734 0.058665 0.133288
-35.362 53.8231 -133.021 0.978013 0.149613 0.0586009 0.132939
-35.4977 53.9162 -132.965 0.978127 0.149117 0.0585353 0.132688
-35.5717 54.1742 -132.917 0.978221 0.148469 0.0589582 0.132532
-35.6718 54.5202 -132.847 0.978462 0.147275 0.059047 0.132045
-35.7865 54.6913 -132.737 0.978422 0.147246 0.0592381 0.13229
-35.9444 54.8023 -132.652 0.97846 0.147037 0.0593306 0.132202
-36.1382 55.0137 -132.609 0.978532 0.146791 0.0595573 0.131838
-36.2903 55.2313 -132.594 0.978528 0.146618 0.059273 0.132185
-36.3859 55.4368 -132.607 0.978403 0.146831 0.0591489 0.132927
-36.5167 55.6253 -132.706 0.978325 0.146898 0.0589492 0.133518
-36.6348 55.8041 -132.862 0.978317 0.147295 0.0587163 0.133236
-36.7836 55.9219 -133.037 0.978376 0.147808 0.0579826 0.13256
-36.8256 56.064 -133.187 0.978347 0.148099 0.0575486 0.132638
-36.5826 56.3842 -133.273 0.978263 0.148176 0.0582491 0.132867
-36.3244 56.7362 -133.308 0.978216 0.148106 0.059175 0.132876
-36.3481 56.8093 -133.279 0.978106 0.148673 0.058614 0.133299
-36.5041 56.7885 -133.293 0.977981 0.149197 0.0579166 0.133936
-36.5813 56.8695 -133.299 0.977975 0.149154 0.0576481 0.134149
-36.5504 57.0653 -133.231 0.977986 0.149061 0.0581813 0.133936
-36.5486 57.2557 -133.152 0.978057 0.148784 0.0585382 0.13357
-36.6971 57.3082 -132.994 0.978052 0.149084 0.0581342 0.13345
-36.8093 57.4737 -132.848 0.978151 0.148666 0.0581961 0.133163
-36.7811 57.8197 -132.694 0.978169 0.148367 0.058706 0.133137
-36.7948 58.1205 -132.563 0.978149 0.147998 0.0593148 0.133429
-36.9572 58.4357 -132.563 0.978387 0.147053 0.0590171 0.132859
-37.2709 58.6826 -132.627 0.978671 0.146155 0.0580656 0.132173
-37.4392 59.0489 -132.718 0.978896 0.144831 0.0579676 0.132011
-37.443 59.48 -132.749 0.978908 0.14425 0.0583722 0.132374
