#x,y,z,height,radius, rotation around X (LR), rotation around Z (IS)
190 130 160 50.0 .5 30.0 -24
200 180 140 50.0 .5 -20.0 60
260 170 130 50.0 .5 40.0 -68
180 150 125 50.0 .5 0 0
150 120 150 50.0 .5 25 -10
175 110 140 50.0 .5 -90.0 -90
200 160 165 50.0 .5 -50 50
260 170 125 50.0 .5 10 -80
175 165 140 50.0 .5 50 -20
240 125 160 50.0 .5 25 -10
260.0 130.0 150.0 50.0 .5 -60.0 -68
265.0 140.0 150.0 50.0 .5 30.0 -24
190.0 130.0 150.0 50.0 .5 -20.0 60
260.0 150.0 150.0 50.0 .5 40.0 -68
270.0 170.0 150.0 50.0 .5 0 0
190.0 150.0 150.0 50.0 .5 25 -10
200.0 125.0 150.0 50.0 .5 -50 50
180.0 150.0 150.0 50.0 .5 10 -80
190.0 180.0 150.0 50.0 .5 50 -20
200.0 175.0 150.0 50.0 .5 25 -10
265.0 150.0 150.0 50.0 .5 -60.0 -68
270.0 125.0 150.0 50.0 .5 30.0 -24
260.0 160.0 150.0 50.0 .5 -20.0 60
250.0 165.0 150.0 50.0 .5 40.0 -68
200.0 150.0 150.0 50.0 .5 25 -10