-32.4222 221.27 -173.427 0.968205 0.0721111 -0.193808 0.140774
-31.938 221.3 -173.292 0.968151 0.0719169 -0.193148 0.142147
-31.6728 221.591 -173.118 0.968316 0.0713035 -0.192293 0.142493
-31.3849 221.857 -172.936 0.968438 0.0710671 -0.191596 0.142717
-31.1989 221.964 -172.783 0.96854 0.0712625 -0.191338 0.142268
-31.1088 222.061 -172.855 0.968532 0.0716627 -0.191206 0.14231
-30.9072 221.976 -172.809 0.968253 0.0722219 -0.191489 0.143531
-30.6608 222.034 -172.727 0.968246 0.0731101 -0.191421 0.143224
-30.4492 222.009 -172.68 0.96814 0.0741594 -0.191528 0.143262
-30.3306 222.227 -172.751 0.968346 0.0741377 -0.191449 0.141978
-30.1075 222.394 -172.644 0.968308 0.0742644 -0.191773 0.141729
-29.9608 222.608 -172.628 0.96858 0.0738663 -0.19113 0.140948
-29.9559 222.575 -172.614 0.968574 0.0737301 -0.190601 0.141772
-29.9607 222.615 -172.424 0.968521 0.0743758 -0.19054 0.141881
-30.3257 222.285 -172.591 0.968419 0.0736121 -0.191267 0.141993
-30.3838 222.453 -172.47 0.968309 0.0745323 -0.190778 0.142923
-30.4428 222.554 -172.352 0.96832 0.0745613 -0.190748 0.14287
-30.5217 222.671 -172.16 0.968416 0.0744974 -0.19034 0.142799
-30.5345 222.617 -171.954 0.968247 0.0753419 -0.190094 0.143825
-30.8953 222.792 -171.016 0.968436 0.0761022 -0.188575 0.144153
-31.0247 222.684 -170.868 0.968339 0.0768854 -0.188605 0.144351
-31.1563 222.555 -170.658 0.968364 0.0771026 -0.188441 0.144282
-31.2338 222.435 -170.514 0.968249 0.0783265 -0.188701 0.144055
-31.3969 222.259 -170.36 0.968126 0.0796973 -0.18879 0.144014
-31.4831 222.221 -170.298 0.968061 0.0808369 -0.188691 0.143948
-31.6141 222.069 -170.057 0.968142 0.0820532 -0.188093 0.143491
-31.7726 221.718 -169.954 0.96784 0.0830433 -0.18804 0.145018
-31.9548 221.4 -169.829 0.967783 0.0830014 -0.188151 0.145279
-32.2558 221.184 -169.809 0.96783 0.0837569 -0.188169 0.144505
-32.5241 220.79 -169.81 0.967686 0.0839994 -0.188536 0.144854
-32.5241 220.79 -169.81 0.967686 0.0839994 -0.188536 0.144854
-32.6309 220.587 -169.768 0.967457 0.0842244 -0.188468 0.146333
-32.614 220.534 -169.715 0.96734 0.0844764 -0.187436 0.148274
-32.6824 220.404 -169.616 0.967485 0.0844522 -0.187133 0.147723
-32.5457 220.228 -169.583 0.967328 0.0841966 -0.187623 0.14827
-32.4339 220.076 -169.542 0.96741 0.0840865 -0.186722 0.148943
-32.4597 219.665 -169.57 0.967367 0.084504 -0.186441 0.14933
-32.4311 219.255 -169.628 0.967351 0.0847985 -0.185895 0.149945
-32.4206 219.622 -169.823 0.967196 0.0855039 -0.186396 0.149926
-32.2313 218.586 -169.544 0.967263 0.0859873 -0.185519 0.150305
-32.144 218.219 -169.456 0.967176 0.0868144 -0.185525 0.150382
-32.2006 217.899 -169.524 0.967175 0.0867148 -0.184408 0.151812
-32.1203 217.664 -169.431 0.967077 0.0874219 -0.183983 0.152547
-32.1557 217.572 -169.478 0.967236 0.0871939 -0.183438 0.152323
-32.0869 217.449 -169.426 0.967188 0.0871551 -0.183545 0.152521
-32.0868 217.833 -169.599 0.967067 0.0872558 -0.183761 0.152971
-32.0814 217.595 -169.63 0.967007 0.0875693 -0.183493 0.153492
-32.0695 217.381 -169.595 0.967023 0.0876482 -0.183192 0.153705
-31.9752 217.189 -169.554 0.966943 0.0879129 -0.183009 0.154271
-32.006 217.009 -169.602 0.967011 0.0874116 -0.182764 0.154423
-32.0801 216.79 -169.672 0.966976 0.0875775 -0.182639 0.154697
-32.0036 216.617 -169.679 0.966883 0.0878112 -0.18251 0.155293
-31.9753 216.519 -169.678 0.967084 0.087216 -0.181968 0.155013
-31.9353 216.279 -169.659 0.96704 0.0874778 -0.181656 0.155507
-31.8373 216.003 -169.592 0.966897 0.0880982 -0.181199 0.156579
-31.7763 215.724 -169.524 0.966788 0.0885017 -0.180794 0.157487
-31.7838 215.439 -169.484 0.966704 0.0888214 -0.180542 0.15811
-31.7838 215.439 -169.484 0.966704 0.0888214 -0.180542 0.15811
-31.8305 215.269 -169.447 0.966774 0.0887453 -0.180054 0.158283
-31.8457 215.039 -169.371 0.966633 0.0893276 -0.179858 0.159032
-32.1113 214.616 -168.834 0.966922 0.0900714 -0.179187 0.15761
-32.303 214.682 -168.749 0.96718 0.0907307 -0.178582 0.156328
-32.211 214.668 -168.408 0.967139 0.0910385 -0.177962 0.157113
-32.2487 214.697 -168.221 0.967172 0.091456 -0.177414 0.157284
-32.4845 214.288 -168.143 0.967169 0.0919051 -0.177257 0.157219
-32.6631 214.005 -168.096 0.967111 0.092423 -0.177325 0.157194
-32.8368 213.624 -168.013 0.967023 0.0925842 -0.176155 0.158949
-32.9722 213.439 -167.906 0.967104 0.0933943 -0.176512 0.157577
-33.0671 213.292 -167.875 0.967122 0.0936367 -0.176478 0.157363
-33.077 213.215 -167.846 0.967219 0.0936773 -0.176227 0.157026
-33.077 213.215 -167.846 0.967219 0.0936773 -0.176227 0.157026
-32.9896 212.983 -167.832 0.966974 0.0934362 -0.176127 0.158777
-33.0095 212.802 -167.835 0.966737 0.0944643 -0.177098 0.158532
-33.0868 212.563 -167.931 0.96668 0.0939928 -0.176636 0.159668
-33.0804 212.973 -168.192 0.966749 0.0937999 -0.176713 0.15928
-33.1646 212.907 -168.202 0.96675 0.0935794 -0.176951 0.159138
-33.4237 213.676 -168.288 0.968485 0.087804 -0.17632 0.152438
-33.1135 212.864 -167.945 0.966752 0.0934437 -0.176948 0.159214
-33.1695 212.834 -167.948 0.966698 0.0933369 -0.176943 0.159609
-33.4865 213.08 -167.997 0.966881 0.0924475 -0.17683 0.159143
-33.5972 213.081 -167.862 0.966859 0.0924771 -0.176528 0.159594
-33.6888 212.954 -167.664 0.966615 0.0932119 -0.176404 0.160774
-34.3238 213.029 -166.794 0.966766 0.0939081 -0.175405 0.160558
-34.548 212.78 -166.503 0.966961 0.094379 -0.174645 0.159934
-34.6278 212.512 -166.274 0.967113 0.0941773 -0.17326 0.160636
-34.583 212.088 -165.98 0.966957 0.0941715 -0.172272 0.162629
-34.6399 211.686 -165.845 0.966806 0.0948538 -0.171513 0.163928
-34.6386 211.436 -165.654 0.96694 0.0952035 -0.171171 0.163289
-34.4592 211.395 -165.446 0.966993 0.0958606 -0.170543 0.163253
-34.1498 211.248 -165.276 0.966685 0.0959576 -0.170225 0.165336
-33.8952 211.213 -165.195 0.966701 0.0959897 -0.170341 0.165107
-33.5737 211.172 -165.239 0.96672 0.0955153 -0.169274 0.166361
-33.122 211.097 -165.341 0.966751 0.0956697 -0.168411 0.166965
-32.6692 210.71 -165.42 0.966635 0.0958591 -0.168246 0.167692
-32.2779 210.37 -165.756 0.966844 0.0949377 -0.168297 0.166961
-32.2779 210.37 -165.756 0.966844 0.0949377 -0.168297 0.166961
-30.9148 209.617 -166.539 0.966319 0.0943044 -0.16875 0.169875
-30.3465 209.091 -167.033 0.966132 0.0941733 -0.169056 0.170705
-29.9177 208.552 -167.581 0.965851 0.0937521 -0.16991 0.171676
-29.5271 208.343 -168.16 0.965867 0.0927712 -0.170677 0.17136
-29.376 208.064 -168.664 0.965892 0.0921325 -0.171565 0.170676
-29.3471 207.866 -169.205 0.965705 0.0908402 -0.172088 0.171893
-29.3261 207.802 -169.527 0.965495 0.0897837 -0.172674 0.17304
-29.4849 207.932 -169.726 0.965405 0.0901416 -0.173696 0.172332
-29.7965 207.789 -169.815 0.96531 0.0899751 -0.174385 0.172253
-29.7965 207.789 -169.815 0.96531 0.0899751 -0.174385 0.172253
-30.2202 207.938 -169.873 0.965549 0.0896135 -0.174775 0.170703
-30.6312 207.97 -169.701 0.965585 0.0891541 -0.174812 0.170699
-31.164 207.97 -169.577 0.965864 0.0883997 -0.173885 0.170461
-31.6956 207.99 -169.245 0.966118 0.0885082 -0.173141 0.169722
-32.7574 208.036 -168.623 0.96631 0.0890294 -0.172623 0.168882
-33.3736 208.016 -168.381 0.966371 0.0893089 -0.172392 0.16862
-34.0182 207.824 -168.127 0.966408 0.0895557 -0.172543 0.168119
-34.6814 207.806 -167.931 0.966771 0.0887421 -0.171776 0.167248
-35.1192 208.18 -167.735 0.96722 0.0873925 -0.17057 0.166596
-35.5988 208.575 -167.653 0.967668 0.0853854 -0.169666 0.165959
-36.3193 208.697 -167.816 0.967928 0.0833675 -0.169437 0.165698
-37.1561 208.804 -168.052 0.968076 0.0818443 -0.169807 0.165215
-38.0028 208.978 -168.253 0.968183 0.0804411 -0.169965 0.165111
-38.9976 209.246 -168.273 0.968404 0.0796875 -0.170354 0.163777
-40.1482 209.563 -168.215 0.968698 0.0792752 -0.170319 0.16227
-41.3278 209.758 -168.083 0.968563 0.0797307 -0.17031 0.162864
-42.5898 209.554 -167.954 0.968096 0.0798232 -0.170317 0.165563
-44.2284 209.502 -168.06 0.96828 0.0790739 -0.170403 0.164752
-45.7154 209.731 -168.173 0.968373 0.0776709 -0.170676 0.164593
-47.0558 209.948 -168.333 0.968324 0.0765882 -0.170511 0.165558
-48.8943 209.913 -168.86 0.968713 0.0753012 -0.169604 0.164799
-50.8894 209.525 -169.714 0.968531 0.074891 -0.170105 0.165537
-52.7252 209.074 -170.568 0.968365 0.0744322 -0.16933 0.167503
-54.6424 208.326 -171.414 0.968373 0.0737111 -0.168389 0.168717
-56.384 207.551 -172.282 0.968185 0.0746213 -0.16832 0.169465
-58.1713 206.228 -173.403 0.967786 0.0755035 -0.168412 0.171251
-60.0064 204.699 -174.799 0.966964 0.0775339 -0.16979 0.173613
-60.0064 204.699 -174.799 0.966964 0.0775339 -0.16979 0.173613
-61.6442 203.122 -176.127 0.966268 0.0796727 -0.171331 0.174997
-62.9948 202.059 -177.442 0.965881 0.0809355 -0.172688 0.175221
-63.9537 201.277 -178.501 0.965477 0.0811558 -0.173488 0.17655
-64.8439 200.561 -179.281 0.965327 0.0819978 -0.173503 0.176967
-65.638 199.824 -179.953 0.965097 0.0828451 -0.173971 0.177369
-66.0724 199.344 -180.451 0.964942 0.0835787 -0.17354 0.178288
-66.4226 198.91 -180.71 0.964827 0.0851458 -0.172559 0.17912
-66.9136 198.066 -180.974 0.964646 0.0878862 -0.172782 0.178549
-67.3461 197.031 -181.188 0.964403 0.0896927 -0.173391 0.178374
-67.7348 196.242 -181.305 0.964469 0.0907577 -0.171768 0.179047
-68.1213 195.207 -181.481 0.964369 0.0921124 -0.171619 0.179041
-68.7482 193.795 -181.774 0.963998 0.0937391 -0.171999 0.179826
-69.1348 192.335 -182.022 0.963627 0.094945 -0.17133 0.181809
-69.5067 190.812 -182.262 0.963217 0.0951456 -0.171172 0.184015
-69.8651 189.269 -182.414 0.963074 0.0967389 -0.170303 0.184733
-70.259 187.441 -182.47 0.963033 0.0983817 -0.168943 0.185328
-70.5251 185.413 -182.349 0.962671 0.100269 -0.168425 0.186666
-70.7171 183.394 -182.107 0.962397 0.102436 -0.168579 0.186763
-70.9073 181.555 -181.748 0.962628 0.103985 -0.16681 0.186302
-70.9831 179.674 -181.379 0.962609 0.104508 -0.16595 0.18688
-71.0355 177.619 -180.992 0.96192 0.106141 -0.165509 0.189874
-71.1393 175.627 -180.526 0.961628 0.10774 -0.165285 0.190642
-71.0985 173.807 -180.078 0.961562 0.10852 -0.164423 0.191276
-71.0811 171.929 -179.696 0.961309 0.1093 -0.163713 0.192708
-70.9968 170.013 -179.522 0.960906 0.110426 -0.164105 0.19374
-70.9664 168.122 -179.446 0.96061 0.111116 -0.163699 0.19515
-71.0826 166.447 -179.616 0.961011 0.110546 -0.162966 0.194114
-71.0951 164.451 -179.664 0.960724 0.110599 -0.163031 0.195442
-71.0502 162.594 -179.753 0.960352 0.110871 -0.163075 0.197078
-71.0863 160.923 -179.715 0.960415 0.111424 -0.162302 0.197094
-71.1296 159.447 -179.588 0.960784 0.111494 -0.161589 0.195839
-71.1299 158.04 -179.387 0.960884 0.112273 -0.16142 0.195043
-71.2467 156.783 -179.147 0.96105 0.112742 -0.161259 0.194081
-71.2467 156.783 -179.147 0.96105 0.112742 -0.161259 0.194081
-71.3172 155.715 -178.883 0.961015 0.112482 -0.161262 0.194404
-71.4267 154.899 -178.614 0.961057 0.111884 -0.161322 0.194492
-71.5586 154.186 -178.344 0.961287 0.111444 -0.161021 0.193858
-71.7628 153.324 -178.133 0.961306 0.11163 -0.161308 0.193414
-71.9439 152.434 -177.914 0.961365 0.111823 -0.161114 0.193172
-72.2253 151.648 -177.694 0.96163 0.111565 -0.160517 0.192498
-72.284 151.461 -177.398 0.961988 0.110478 -0.159153 0.192466
-72.1877 151.958 -177.207 0.963534 0.107552 -0.156867 0.188221
-72.1295 152.035 -177.317 0.964181 0.106915 -0.155794 0.186152
-72.0088 151.619 -177.711 0.964199 0.10868 -0.156192 0.184698
-72.1259 150.457 -178.558 0.963407 0.112993 -0.158627 0.184166
-72.2375 149.341 -179.439 0.96298 0.118048 -0.160082 0.181954
-71.746 149.137 -180.246 0.963415 0.121622 -0.16049 0.17687
-70.9113 148.8 -180.961 0.963707 0.127357 -0.161079 0.170595
-69.8221 147.842 -181.257 0.963791 0.136609 -0.160173 0.163674
-68.5898 147.009 -181.465 0.963075 0.146916 -0.160004 0.159062
-67.7617 146.924 -181.66 0.96209 0.156248 -0.161004 0.15507
-66.841 147.002 -181.728 0.961696 0.163511 -0.160477 0.150511
-66.1425 146.604 -181.945 0.960239 0.173319 -0.16198 0.147188
-65.7815 146.31 -182.289 0.959132 0.181761 -0.163024 0.143008
-65.5361 146.142 -182.813 0.957995 0.188113 -0.164551 0.14065
-65.4681 146.335 -183.253 0.95723 0.192845 -0.165846 0.137904
-65.1784 146.759 -183.365 0.957096 0.196337 -0.165727 0.133991
-64.9252 147.13 -183.182 0.95702 0.199481 -0.164543 0.131325
-64.7162 147.538 -182.937 0.956993 0.201852 -0.163689 0.128946
-64.7109 147.479 -182.719 0.956471 0.205465 -0.164045 0.126636
-64.7109 147.479 -182.719 0.956471 0.205465 -0.164045 0.126636
-65.0336 147.061 -182.579 0.955963 0.210187 -0.162985 0.124066
-65.3531 146.804 -182.447 0.955298 0.215877 -0.162236 0.120341
-65.5583 146.696 -182.447 0.954773 0.22103 -0.161305 0.116343
-65.8087 146.343 -182.601 0.953711 0.22822 -0.161289 0.111069
-66.0608 145.682 -183.121 0.952305 0.237562 -0.160543 0.104432
-66.2344 144.551 -183.968 0.950175 0.249671 -0.159718 0.0965556
-66.1909 143.392 -185.008 0.947382 0.262385 -0.158865 0.0915587
-66.1179 143.054 -186.184 0.944697 0.274099 -0.158363 0.085671
-65.8507 143.01 -187.532 0.942273 0.284278 -0.157565 0.0805084
-65.3135 142.361 -188.984 0.938892 0.296586 -0.157841 0.0748671
-64.7462 141.515 -190.507 0.934597 0.310779 -0.158306 0.0698795
-64.3206 141.29 -191.98 0.930607 0.322983 -0.158999 0.0661252
-63.6778 141.604 -192.958 0.927696 0.331293 -0.159905 0.0636788
-62.8337 141.948 -193.73 0.925159 0.339139 -0.159596 0.0599572
-62.2244 142.047 -194.657 0.922136 0.347126 -0.16072 0.0577725
-61.5706 142.177 -195.325 0.919738 0.352878 -0.162655 0.0556952
-60.8882 142.513 -195.433 0.918735 0.356386 -0.161797 0.052321
-60.8882 142.513 -195.433 0.918735 0.356386 -0.161797 0.052321
-60.084 143.63 -194.703 0.9192 0.356094 -0.161248 0.0476277
-58.9644 145.598 -192.98 0.922392 0.350446 -0.157549 0.0394927
-57.7028 147.739 -190.563 0.927294 0.340696 -0.151724 0.0321296
-56.5858 149.986 -188.138 0.932523 0.328552 -0.14745 0.0266922
-55.6849 152.543 -185.684 0.938591 0.312979 -0.143503 0.0223058
-54.5765 154.94 -183.283 0.945389 0.294407 -0.138349 0.0205877
-53.5121 156.687 -180.995 0.951579 0.276891 -0.132103 0.0194274
-52.598 157.907 -179.026 0.956544 0.26127 -0.128052 0.0190818
-51.7297 158.939 -177.281 0.961502 0.24507 -0.122842 0.0190799
-50.8401 159.862 -175.717 0.966108 0.229254 -0.117165 0.0186971
-49.1725 160.845 -173.403 0.973738 0.200029 -0.106657 0.021124
-48.3433 161.348 -172.589 0.977081 0.185453 -0.10198 0.0228107
-47.6736 161.599 -171.994 0.980489 0.170023 -0.0959098 0.0231059
-47.3377 161.135 -171.726 0.982634 0.158659 -0.0926258 0.0260252
-47.0321 160.77 -171.563 0.984597 0.147412 -0.0896903 0.0281853
-46.5494 160.496 -171.541 0.986614 0.134839 -0.0864657 0.0305786
-46.2944 159.993 -171.507 0.988481 0.122692 -0.0831618 0.0305798
-46.6874 158.622 -171.717 0.988973 0.116647 -0.0843737 0.0347444
-47.3725 157.062 -171.829 0.989938 0.108097 -0.0837413 0.0364029
-47.3725 157.062 -171.829 0.989938 0.108097 -0.0837413 0.0364029
-48.1136 155.347 -171.955 0.990401 0.101557 -0.0847129 0.0401895
-48.9534 153.957 -172.13 0.991119 0.0931553 -0.084262 0.0436574
-49.5203 152.585 -172.125 0.99198 0.0841776 -0.0823957 0.0458378
-50.335 151.3 -172.123 0.992407 0.0774936 -0.0824086 0.0482856
-50.9469 150.684 -172.163 0.993306 0.0672362 -0.0805123 0.0483733
-51.5287 149.919 -172.122 0.994032 0.0576138 -0.0781537 0.0497275
-52.5865 148.971 -172.178 0.994273 0.0504895 -0.0778899 0.0529595
-53.7314 148.137 -172.23 0.994607 0.0427117 -0.0770861 0.0546817
-54.9904 147.161 -172.296 0.994761 0.0360178 -0.0769847 0.0568038
-56.2533 146.337 -172.373 0.994862 0.029465 -0.0772909 0.0583703
-56.7657 146.284 -172.318 0.995289 0.0217056 -0.0756259 0.0566433
-56.661 146.581 -172.047 0.995874 0.0129414 -0.0714078 0.0544749
-56.6386 146.669 -171.782 0.996268 0.00485037 -0.0674407 0.0536497
-57.0029 146.68 -171.631 0.996503 -0.00225298 -0.0652653 0.0521405
-57.7382 146.425 -171.561 0.996462 -0.00795186 -0.0646088 0.0531658
-58.421 146.271 -171.447 0.996407 -0.0131202 -0.064127 0.0537465
-58.8152 146.378 -171.296 0.996352 -0.0177972 -0.0634367 0.0542519
-58.7776 146.84 -171.061 0.996376 -0.0223559 -0.0621814 0.0535609
-58.6527 147.414 -170.899 0.996365 -0.02594 -0.0616979 0.052697
-58.4763 148.185 -170.861 0.996329 -0.0289989 -0.0612329 0.0523414
-58.2112 149.178 -170.884 0.996288 -0.0319747 -0.0607827 0.051904
-58.2112 149.178 -170.884 0.996288 -0.0319747 -0.0607827 0.051904
-58.2001 150.191 -171.011 0.996142 -0.0337064 -0.0616421 0.0525825
-58.7585 150.382 -170.807 0.995971 -0.0304168 -0.0638973 0.0550848
-60.1964 149.077 -170.274 0.995712 -0.0219898 -0.0687473 0.0578611
-60.6762 148.415 -169.775 0.995615 -0.0131985 -0.0716221 0.0587042
-59.4045 149.239 -169.728 0.995914 -0.00919845 -0.070415 0.0557915
-58.3734 149.707 -170.123 0.996184 -0.00591095 -0.0687316 0.053469
-58.1347 149.07 -170.893 0.996177 -0.000438094 -0.0699415 0.0523532
-58.5572 147.721 -171.769 0.996051 0.00643489 -0.072007 0.0515431
-58.8072 146.272 -172.729 0.9958 0.0137572 -0.0738572 0.0523354
-59.2821 144.438 -173.635 0.99558 0.0215169 -0.0752909 0.0518604
-60.2774 141.834 -174.405 0.995098 0.0314817 -0.0769843 0.0535087
-61.6604 138.645 -175.063 0.994328 0.0430415 -0.0794961 0.0560391
-63.4255 134.908 -175.631 0.993162 0.0559403 -0.0832842 0.059697
-64.9131 131.302 -175.911 0.99204 0.06783 -0.0855765 0.062703
-65.3386 128.809 -175.949 0.991451 0.0753838 -0.0844734 0.0648541
-65.2537 126.673 -175.869 0.991091 0.0809785 -0.0826445 0.0659599
-65.2611 124.11 -175.65 0.990312 0.0888316 -0.0825878 0.067603
-65.2572 120.987 -175.105 0.989301 0.0983812 -0.082443 0.0693418
-65.099 117.678 -174.191 0.987947 0.110023 -0.0829028 0.0705906
-64.4271 114.688 -172.8 0.987221 0.119423 -0.0802793 0.068474
-63.8124 111.321 -171.399 0.986002 0.1301 -0.0787831 0.068314
-63.8124 111.321 -171.399 0.986002 0.1301 -0.0787831 0.068314
-63.6802 104.224 -169.341 0.983057 0.150709 -0.0792037 0.067915
-63.5061 101.378 -168.707 0.981914 0.15749 -0.0791365 0.0691366
-63.0061 99.0445 -168.111 0.981217 0.161774 -0.0782882 0.0701006
-62.2513 97.2814 -167.486 0.980995 0.164461 -0.0755848 0.0699178
-61.6291 95.7293 -167.138 0.980838 0.166203 -0.073932 0.0697705
-61.362 94.2066 -167.129 0.980315 0.168309 -0.0745783 0.0713656
-61.0594 93.2915 -167.155 0.980285 0.168202 -0.0743804 0.0722356
-60.4981 92.9224 -167.042 0.980762 0.166572 -0.0726051 0.0713237
-59.9197 92.6498 -166.826 0.981161 0.165146 -0.0713554 0.0704206
-59.5365 92.0018 -166.424 0.981047 0.165913 -0.0707975 0.0707713
-59.3204 91.1982 -165.776 0.980753 0.167659 -0.0705012 0.0710253
-58.9142 90.4749 -164.887 0.980621 0.169091 -0.069204 0.0707264
-58.4852 89.8882 -163.816 0.980468 0.170387 -0.0682604 0.0706468
-58.0483 89.3469 -162.733 0.980553 0.170674 -0.0664117 0.0705343
-57.8163 88.4556 -161.83 0.980295 0.172212 -0.0658487 0.0709159
-57.9575 87.2768 -161.269 0.979755 0.174307 -0.066949 0.0722131
-58.2677 86.1151 -161.031 0.979218 0.176243 -0.0685062 0.073332
-58.4121 85.2901 -160.962 0.979045 0.176564 -0.0695058 0.0739272
-58.2578 84.8771 -161.02 0.979195 0.175563 -0.0694918 0.0743394
-58.0221 84.3419 -161.181 0.979231 0.174985 -0.0695317 0.0751889
-57.8141 83.6529 -161.407 0.979043 0.175529 -0.0702849 0.0756603
-57.4389 83.236 -161.591 0.979174 0.174837 -0.0700414 0.0757883
-56.9582 82.8969 -161.637 0.979313 0.174467 -0.0692377 0.0755883
-56.5692 82.2679 -161.653 0.979034 0.175574 -0.0697062 0.0762101
-56.2633 81.54 -161.638 0.978848 0.176804 -0.0697689 0.0756853
-55.9801 80.7206 -161.636 0.978358 0.178879 -0.0702924 0.0766638
-55.6174 79.9044 -161.604 0.97803 0.180239 -0.07053 0.0774353
-55.1297 79.3403 -161.429 0.978144 0.179923 -0.0700493 0.0771666
-54.5795 78.8216 -161.229 0.978387 0.178942 -0.0693238 0.0770288
-54.1859 78.0587 -160.977 0.978472 0.178113 -0.0695719 0.0776395
-53.8819 77.0688 -160.561 0.978463 0.177431 -0.0698351 0.0790722
-53.8819 77.0688 -160.561 0.978463 0.177431 -0.0698351 0.0790722
-53.5619 76.1892 -159.95 0.978659 0.175959 -0.0692208 0.0804598
-53.4363 75.4723 -159.474 0.979635 0.171576 -0.0672728 0.079703
-53.2976 74.4646 -159.018 0.979819 0.16976 -0.0675966 0.0810433
-53.2832 73.3057 -158.72 0.979818 0.168529 -0.0688295 0.0825609
-53.2458 72.4503 -158.572 0.980074 0.166318 -0.0691583 0.0837304
-53.1014 71.7849 -158.468 0.980527 0.163171 -0.0689593 0.0847689
-53.0732 71.0227 -158.59 0.98059 0.161462 -0.0703439 0.0861704
-53.1353 70.0736 -158.841 0.98045 0.160651 -0.0722156 0.0877133
-52.9014 69.3121 -158.881 0.980578 0.159432 -0.0726331 0.0881582
-52.3612 68.9437 -158.785 0.981048 0.157062 -0.0711978 0.0883628
-52.1399 68.3484 -158.836 0.980917 0.157176 -0.072063 0.0889128
-52.2194 67.46 -158.881 0.980681 0.157517 -0.0733688 0.0898302
-52.25 66.8203 -158.87 0.980734 0.156909 -0.073879 0.0898989
-52.416 66.2772 -158.977 0.980688 0.156109 -0.0752157 0.0906906
-52.9769 65.7312 -159.229 0.980334 0.155326 -0.0783074 0.0932078
-53.5025 65.6788 -159.485 0.980649 0.151675 -0.0799056 0.0945377
-54.6803 67.0317 -160.105 0.981686 0.14062 -0.0842864 0.0970318
-54.895 68.7578 -160.332 0.983019 0.131045 -0.0839337 0.0972411
-54.8074 70.9127 -160.398 0.984785 0.119353 -0.0818959 0.0961572
-54.8074 70.9127 -160.398 0.984785 0.119353 -0.0818959 0.0961572
-54.28 73.0854 -160.482 0.986181 0.108379 -0.078938 0.0973086
-53.1178 75.3375 -160.169 0.988058 0.0962788 -0.0721261 0.0962841
-51.0719 77.3125 -159.553 0.989662 0.0863855 -0.063502 0.0952615
-48.5557 79.0827 -158.683 0.990912 0.0790858 -0.0540844 0.0944187
-44.797 81.9408 -157.685 0.992927 0.0685392 -0.0396546 0.0884711
-40.0368 85.4072 -156.63 0.994716 0.0569699 -0.0233786 0.0821431
-35.4687 88.3446 -155.642 0.995763 0.0482229 -0.00937059 0.0777427
-31.3396 90.8243 -154.839 0.996363 0.0427829 0.00191154 0.0736661
-26.7672 93.4781 -154.094 0.996966 0.0368633 0.0144273 0.06702
-22.0038 95.7907 -153.248 0.997267 0.0323349 0.0274213 0.060515
-18.2719 97.0406 -152.379 0.997267 0.0313763 0.0362772 0.056189
-16.3061 96.8693 -151.705 0.99722 0.0341834 0.0380265 0.054197
-15.3884 95.8301 -151.095 0.997116 0.0388773 0.0371828 0.0535369
-15.0236 94.4972 -150.66 0.997022 0.0429513 0.0351314 0.0535514
-15.1118 92.8354 -150.357 0.996936 0.0472053 0.0318098 0.0536548
-14.8967 91.1841 -150.11 0.996831 0.0499805 0.0306009 0.0537885
-14.6818 89.5755 -150.005 0.996771 0.0510666 0.0303066 0.0540604
-15.2117 87.2559 -150.058 0.996544 0.0535704 0.0266524 0.0576133
-15.9287 84.6703 -150.209 0.996241 0.0554937 0.0240834 0.0620088
-16.912 81.9075 -150.494 0.995948 0.0571564 0.0203814 0.0663756
-18.1603 79.0501 -150.893 0.995599 0.0592688 0.0152794 0.0709745
-19.0408 76.969 -151.422 0.995488 0.0582304 0.0133036 0.0737345
-19.8328 75.2583 -152.063 0.995371 0.0566151 0.010748 0.0769145
-22.6433 71.6668 -153.467 0.995013 0.0539802 0.0042175 0.0837685
-24.7781 69.5637 -154.175 0.994511 0.0545551 -0.00127818 0.0892795
-26.9535 67.6208 -154.715 0.994008 0.055702 -0.00668278 0.0938094
-28.3625 66.393 -154.936 0.993905 0.0554427 -0.00806678 0.0949465
-29.2352 65.614 -154.936 0.99394 0.0544073 -0.00788377 0.095196
-30.3002 64.6888 -154.836 0.993711 0.0551803 -0.00891443 0.0970282
-31.2819 63.9919 -154.629 0.993519 0.0561759 -0.00921501 0.0983903
-31.8882 63.6853 -154.293 0.993546 0.0558128 -0.00842624 0.0983913
-32.4757 63.5235 -154.032 0.993526 0.0562158 -0.00775942 0.0984214
-33.3527 63.0303 -153.793 0.993421 0.0575285 -0.00931323 0.0985823
-34.3295 62.6398 -153.69 0.993234 0.0588767 -0.0106673 0.0995285
-35.0096 62.7497 -153.61 0.993209 0.0586248 -0.0117194 0.0998118
-35.5147 62.9885 -153.361 0.993211 0.0584089 -0.0117162 0.0999158
-35.8422 63.2335 -152.915 0.993288 0.0585221 -0.0106831 0.0991968
-36.0769 63.3648 -152.374 0.993302 0.0593309 -0.0100737 0.0986337
-36.4078 63.3418 -151.71 0.993243 0.0605897 -0.0095477 0.0985196
-36.553 63.4682 -151.02 0.993334 0.0611415 -0.00859168 0.0973423
-36.7189 63.4242 -150.296 0.993352 0.0619766 -0.0084959 0.096633
-36.8012 63.3462 -149.541 0.993421 0.0624647 -0.00789803 0.0956572
-36.6325 63.3929 -148.893 0.993471 0.0620091 -0.00689094 0.0955191
-36.6325 63.3929 -148.893 0.993471 0.0620091 -0.00689094 0.0955191
-36.5559 63.2591 -148.349 0.993461 0.061879 -0.00669548 0.0957212
-36.7527 62.7857 -147.894 0.993375 0.062122 -0.0075514 0.0963885
-36.7189 62.5349 -147.463 0.993471 0.0608107 -0.00668457 0.0962939
-36.4682 62.2242 -146.884 0.993482 0.0600077 -0.00542447 0.0967581
-36.5254 61.4586 -146.222 0.993397 0.0602162 -0.00520334 0.0975156
-36.6206 60.5434 -145.484 0.993292 0.060536 -0.0050843 0.0983871
-36.6 59.6793 -144.735 0.993281 0.0602676 -0.00436943 0.098701
-36.5436 58.7643 -143.955 0.993257 0.0600318 -0.00384622 0.099107
-36.4932 57.9474 -143.266 0.993126 0.0597689 -0.00350223 0.100577
-36.2602 57.4236 -142.603 0.993243 0.0583014 -0.00216757 0.10033
-36.143 56.6717 -141.997 0.993187 0.0580342 -0.00195419 0.101034
-36.3255 55.7077 -141.433 0.992994 0.0591078 -0.00272852 0.102288
-36.3567 55.0992 -141.018 0.993011 0.0586654 -0.00205737 0.102386
-36.1865 54.6499 -140.617 0.992987 0.058454 -0.00170177 0.102751
-36.1151 54.1596 -140.186 0.992886 0.0587099 -0.00164304 0.103579
-35.8938 54.0355 -139.776 0.992976 0.0580999 -0.000504 0.103068
-35.6743 53.9074 -139.402 0.992888 0.0582633 -0.000265778 0.103819
-35.6289 53.7225 -139.009 0.992832 0.0586728 -0.000270294 0.104123
-35.5334 53.7691 -138.629 0.992882 0.0584864 0.00059241 0.103753
-35.4758 53.8509 -138.243 0.992882 0.0583117 0.000567928 0.103849
-35.63 53.8816 -137.778 0.993014 0.058421 0.000602617 0.102517
-35.9357 53.6176 -137.173 0.992894 0.0598615 0.000530611 0.102848
-36.2854 53.1376 -136.363 0.992676 0.0620032 8.28441e-05 0.103684
-36.4764 52.8753 -135.559 0.992588 0.0628019 -3.91519e-05 0.104043
-36.3863 52.934 -134.772 0.992665 0.0624223 0.00143981 0.103522
-36.3849 52.7588 -134.153 0.992586 0.062392 0.00193899 0.104288
-36.3849 52.7588 -134.153 0.992586 0.062392 0.00193899 0.104288
-36.413 52.3915 -133.464 0.992544 0.0609223 0.00282446 0.105529
-36.3348 52.3326 -133.442 0.992531 0.0599165 0.00302023 0.106227
-36.2326 52.2753 -133.601 0.992559 0.0590804 0.00320665 0.106425
-36.1913 52.1568 -133.906 0.992561 0.0589834 0.00270193 0.106468
-36.1307 52.1077 -134.305 0.992606 0.0589331 0.00237146 0.106088
-36.1307 52.1077 -134.305 0.992606 0.0589331 0.00237146 0.106088
-36.0559 52.0841 -134.782 0.992579 0.059478 0.00158731 0.10605
-35.9418 52.0936 -135.3 0.992539 0.0597352 0.000900547 0.106288
-35.7055 52.2325 -135.797 0.992619 0.059451 0.00087331 0.105701
-35.568 52.1812 -136.256 0.992592 0.0602881 0.000225185 0.105481
-35.7334 51.917 -136.75 0.992497 0.0610262 -0.00136285 0.105945
-35.7504 51.8094 -137.138 0.992465 0.0613872 -0.00167181 0.106027
-35.7347 51.7043 -137.436 0.992467 0.0620602 -0.00197643 0.105614
-35.8937 51.5671 -137.808 0.992457 0.0628726 -0.00272721 0.105208
-35.9815 51.5606 -137.835 0.992414 0.0638006 -0.00334262 0.105038
-35.9159 51.761 -137.738 0.992454 0.0640973 -0.00309499 0.104485
-35.7565 52.0406 -137.525 0.992442 0.064716 -0.00278572 0.104229
-35.7565 52.0406 -137.525 0.992442 0.064716 -0.00278572 0.104229
-35.6507 52.3505 -137.255 0.992503 0.0649359 -0.00233535 0.103522
-35.6586 52.4627 -136.921 0.992404 0.0663882 -0.00219873 0.103547
-35.8103 52.5501 -136.663 0.992498 0.0667216 -0.00218303 0.102428
-36.0239 52.6626 -136.305 0.992445 0.0680069 -0.00177866 0.102098
-36.0332 52.7499 -136.202 0.992443 0.0679654 -0.00160035 0.102152
-35.9094 52.9932 -136.2 0.992354 0.0682803 -0.00132633 0.102811
-35.8273 53.1248 -136.178 0.992336 0.0690535 -0.00118101 0.102472
-35.8006 53.129 -136.228 0.992251 0.0696717 -0.00164271 0.102872
-35.7545 53.2458 -136.252 0.992334 0.0698375 -0.00142915 0.101955
-35.8857 53.2392 -136.293 0.992263 0.0706607 -0.00213068 0.102059
-35.9408 53.333 -136.312 0.992307 0.0703625 -0.00209912 0.101839
-35.8336 53.554 -136.263 0.992386 0.0699822 -0.0011642 0.101348
-35.8308 52.9351 -136.291 0.992151 0.0707723 -0.00187795 0.10308
-35.9478 53.0344 -136.31 0.992199 0.0706389 -0.00201673 0.102696
-35.9564 53.1943 -136.305 0.992267 0.0704257 -0.00184417 0.102191
-35.9564 53.1943 -136.305 0.992267 0.0704257 -0.00184417 0.102191
-36.0521 53.2092 -136.274 0.992225 0.0709653 -0.00219335 0.102219
-36.0902 53.2641 -136.186 0.992219 0.0711935 -0.00216538 0.102118
-36.0849 53.2843 -136.065 0.992174 0.0716823 -0.00192711 0.102219
-36.4777 53.6683 -135.698 0.992271 0.0724265 -0.00220483 0.100737
-36.4979 53.708 -135.56 0.992268 0.0725386 -0.00171983 0.1007
-36.4737 53.7356 -135.462 0.992331 0.0725641 -0.00166199 0.100057
-36.6744 53.6377 -135.539 0.992302 0.0731742 -0.00226159 0.0998919
-36.8287 53.5154 -135.666 0.992232 0.0737665 -0.00251254 0.100139
-36.9976 53.3251 -135.897 0.992116 0.0743312 -0.00315294 0.100855
-37.196 53.1608 -136.196 0.992019 0.0750394 -0.00370205 0.101257
-37.3146 53.0855 -136.541 0.992005 0.0753024 -0.00412509 0.101192
-37.4472 53.0101 -136.928 0.991867 0.0765115 -0.00453306 0.101612
-37.5735 52.9273 -137.335 0.991772 0.0774295 -0.0050302 0.101824
-37.6462 52.9827 -137.775 0.991713 0.0780087 -0.00535891 0.101941
-37.729 53.1303 -138.24 0.991692 0.078739 -0.00557299 0.101572
-37.8616 53.2041 -138.698 0.991616 0.0801822 -0.00601099 0.101152
-38.0439 53.2036 -139.16 0.991533 0.08162 -0.00627934 0.100799
-38.1929 53.2214 -139.509 0.991404 0.0835744 -0.00673257 0.100438
-38.4029 53.2583 -139.875 0.991282 0.0853116 -0.00678056 0.100185
-38.4774 53.3678 -140.237 0.991269 0.0861466 -0.00644329 0.0996158
-38.6614 53.3183 -140.609 0.991126 0.0880742 -0.00666771 0.0993383
-38.9839 53.1959 -141.09 0.99098 0.0897196 -0.00726508 0.0992803
-39.2208 53.1182 -141.592 0.990915 0.0911836 -0.00694096 0.0986128
-39.4349 52.8817 -142.134 0.990736 0.0932462 -0.0073437 0.0984485
-39.6311 52.5997 -142.688 0.990557 0.0959412 -0.00749655 0.097654
-39.7097 52.3526 -143.247 0.990334 0.0990073 -0.0070431 0.0968872
-39.6798 52.1128 -143.855 0.990027 0.102677 -0.00739456 0.0961682
-39.5154 51.899 -144.48 0.989653 0.106581 -0.00744968 0.0957721
-39.2454 51.9624 -145.205 0.989423 0.109855 -0.00729391 0.0944464
-39.0238 52.101 -146.039 0.989051 0.113333 -0.00825591 0.094156
-38.7312 52.3629 -146.857 0.988863 0.116112 -0.00886699 0.0926825
-38.3356 52.7605 -147.648 0.988592 0.118993 -0.00931402 0.091869
-37.8625 53.2343 -148.384 0.988335 0.121469 -0.00938915 0.0913856
-37.4712 53.5887 -149.039 0.987952 0.124602 -0.0100063 0.0912423
-37.0927 53.9556 -149.55 0.987698 0.127252 -0.00957405 0.090374
-36.7667 54.4085 -150.039 0.987431 0.129684 -0.009911 0.089803
-36.5305 54.9115 -150.455 0.987221 0.131927 -0.0101221 0.0888085
-36.0727 55.4561 -150.625 0.987016 0.134562 -0.00936775 0.0872039
-35.5723 56.1255 -150.619 0.98689 0.136731 -0.00845653 0.0853319
-35.0854 56.8594 -150.474 0.986618 0.139588 -0.00763428 0.0839113
-34.6078 57.4176 -150.257 0.986267 0.142823 -0.00716689 0.0826285
-34.1336 57.9996 -149.947 0.985966 0.14625 -0.00576911 0.0803075
-33.5437 59.046 -149.562 0.985233 0.153012 -0.00508437 0.0766643
-33.2051 59.3182 -149.423 0.984722 0.157038 -0.0037932 0.0751452
-32.721 59.2832 -149.253 0.984128 0.161767 -0.0021772 0.0729359
-32.2382 58.6993 -149.014 0.983089 0.169094 -0.000388796 0.0703044
-31.7328 57.9703 -148.69 0.982161 0.176019 0.00183805 0.066142
-31.1022 57.6877 -148.491 0.981323 0.181349 0.00404873 0.0640463
-30.473 57.6151 -148.37 0.980512 0.186093 0.00591439 0.0626977
-29.9426 57.4934 -148.456 0.979741 0.190261 0.00713505 0.0621055
-29.4838 57.4067 -148.717 0.979056 0.193868 0.0083462 0.061607
-29.3333 57.2009 -149.13 0.978253 0.1981 0.00777068 0.0609675
-29.126 57.0419 -149.549 0.977595 0.201537 0.00749299 0.0602921
-28.627 57.2188 -149.849 0.977122 0.204103 0.00925692 0.0590757
-28.2173 57.4494 -150.088 0.976805 0.205896 0.010246 0.0579156
-28.0087 57.537 -150.269 0.976283 0.208368 0.0100498 0.0579066
-27.769 57.6151 -150.32 0.976042 0.20949 0.010871 0.0577661
-27.5372 57.8263 -150.291 0.975856 0.210253 0.0116948 0.057987
-27.4829 58.0702 -150.265 0.975886 0.210085 0.0118825 0.0580467
-27.3632 58.313 -150.159 0.97573 0.210701 0.0123002 0.0583436
-27.3036 58.6775 -150.085 0.975839 0.21033 0.0122625 0.0578727
-27.3036 58.6775 -150.085 0.975839 0.21033 0.0122625 0.0578727
-27.1185 59.3061 -150.028 0.976053 0.209388 0.0121106 0.0577027
-26.8825 60.0223 -149.971 0.976318 0.208153 0.0123804 0.0576301
-26.7119 60.8559 -149.909 0.976789 0.206008 0.0122915 0.0573833
-26.4673 61.7609 -149.761 0.977337 0.203341 0.0122684 0.0575729
-26.2421 62.5063 -149.51 0.977683 0.201569 0.0127689 0.0578147
-26.199 63.1439 -149.201 0.978098 0.199528 0.0122609 0.0579879
-26.0229 64.1035 -148.828 0.978931 0.195593 0.0129609 0.0571775
-25.6098 65.0049 -148.256 0.979497 0.192391 0.0144473 0.057997
-25.2934 65.6854 -147.652 0.980152 0.188733 0.0157823 0.0585835
-25.0589 66.1123 -147.028 0.980657 0.185491 0.0170272 0.0601287
-25.0293 66.0755 -146.357 0.980767 0.18449 0.0174896 0.0612694
-25.1255 65.9361 -145.756 0.981112 0.182738 0.017766 0.0609078
-24.9335 66.23 -145.195 0.981654 0.17969 0.0191287 0.0608432
-24.6509 66.5552 -144.695 0.982052 0.177085 0.0206009 0.0615673
-24.7036 66.4977 -144.362 0.982169 0.176077 0.0207085 0.0625527
-24.8044 66.5981 -144.203 0.98264 0.173476 0.0204912 0.0624888
-24.7603 66.941 -144.13 0.983123 0.170538 0.0209006 0.062844
-24.8794 66.9498 -144.171 0.983359 0.168885 0.020155 0.0638496
-25.1443 66.6218 -144.291 0.983545 0.167805 0.0192815 0.064108
-25.307 66.429 -144.465 0.983861 0.166106 0.0190676 0.0637347
-25.4733 66.3189 -144.658 0.984133 0.164248 0.0187536 0.0644405
-25.6826 66.1754 -144.879 0.984392 0.162178 0.0181034 0.0658995
-25.7181 66.0785 -145.085 0.984691 0.159581 0.0179727 0.0677811
-25.654 65.9232 -145.238 0.984883 0.157621 0.0180476 0.0695395
-25.6167 65.5418 -145.278 0.984935 0.156883 0.0182993 0.0703933
-25.7421 65.093 -145.317 0.985132 0.155568 0.0180216 0.0706293
-25.8795 64.6897 -145.357 0.985248 0.154383 0.0180103 0.071611
-26.2843 64.043 -145.45 0.985179 0.154627 0.0166113 0.072369
-26.8086 63.2784 -145.655 0.985057 0.155182 0.0151568 0.0731568
-27.1493 62.6713 -145.93 0.984915 0.155624 0.0138599 0.0743765
-27.2616 62.3665 -146.222 0.984864 0.155465 0.0129143 0.0755453
-27.0351 62.5124 -146.504 0.985109 0.153726 0.0138391 0.075746
-26.8375 62.6311 -146.718 0.985203 0.15307 0.0144724 0.0757301
-26.8375 62.6311 -146.718 0.985203 0.15307 0.0144724 0.0757301
-26.9146 62.426 -146.911 0.985083 0.153559 0.0137784 0.0764329
-27.0275 62.2275 -147.09 0.985093 0.153507 0.0136626 0.0764192
-27.0594 62.0952 -147.193 0.985004 0.153997 0.0134911 0.0766126
-27.0282 62.1014 -147.275 0.985029 0.153695 0.0138284 0.0768356
-27.2163 62.0601 -147.407 0.984988 0.15372 0.0135556 0.0773608
-27.403 62.0038 -147.466 0.985079 0.153179 0.0129855 0.077376
-27.2891 62.2124 -147.474 0.985241 0.152109 0.0136206 0.077318
-27.2172 62.3821 -147.358 0.985263 0.151743 0.0139486 0.0776936
-27.1563 62.5019 -147.115 0.98525 0.151712 0.0144055 0.0778317
-27.0819 62.5367 -146.741 0.985114 0.152624 0.0144918 0.0777612
-26.9958 62.7511 -146.455 0.985366 0.151937 0.0149313 0.0758047
-26.8105 62.9995 -146.206 0.985396 0.151497 0.0156932 0.0761453
-26.7608 63.1065 -146.02 0.985498 0.150641 0.0158512 0.0764898
-26.6986 63.1565 -145.866 0.985568 0.149727 0.0163407 0.0772713
-26.6591 63.0669 -145.685 0.985659 0.148861 0.0167335 0.0777
-26.6328 62.8941 -145.499 0.985784 0.147869 0.0172072 0.0779053
-26.603 62.6004 -145.255 0.985782 0.147492 0.0173249 0.0786161
-26.6276 61.8114 -144.714 0.985716 0.147629 0.0180228 0.0790199
-26.6344 61.3838 -144.446 0.985616 0.14808 0.0179361 0.0794418
-26.707 60.9417 -144.243 0.985509 0.148807 0.0178961 0.0794203
-26.707 60.9417 -144.243 0.985509 0.148807 0.0178961 0.0794203
-26.7508 60.5372 -144.106 0.985479 0.149058 0.0181638 0.0792683
-26.8108 60.089 -143.936 0.985289 0.150388 0.018167 0.0791195
-27.0522 59.48 -143.887 0.985111 0.152002 0.0173757 0.0784165
-27.2028 58.9878 -143.975 0.984873 0.153576 0.0168322 0.078457
-27.2612 58.7476 -144.148 0.984728 0.154702 0.0165843 0.0781238
-27.2353 58.6595 -144.425 0.984619 0.155271 0.0157043 0.0785413
-27.1137 58.7455 -144.718 0.984529 0.156094 0.0154581 0.0780858
-26.994 58.7987 -144.98 0.984404 0.157122 0.0149201 0.0777061
-26.7699 59.0238 -145.244 0.984483 0.156969 0.0146712 0.0770611
-26.4259 59.3026 -145.452 0.984444 0.157065 0.0148828 0.0773294
-26.4284 59.3311 -145.64 0.984382 0.157654 0.0141228 0.0770586
-26.4588 59.3506 -145.861 0.984439 0.157348 0.0134852 0.0770659
-26.3909 59.4838 -146.081 0.984519 0.156835 0.0136327 0.0770716
-26.5007 59.4347 -146.329 0.984512 0.156774 0.0127651 0.0774245
-26.6417 59.3099 -146.578 0.984583 0.156354 0.0123684 0.0774415
-26.667 59.2049 -146.773 0.984617 0.156078 0.0121975 0.077588
-26.6674 59.1033 -146.929 0.984566 0.15605 0.0121766 0.0782915
-26.6221 59.0574 -147.109 0.984567 0.155833 0.0120833 0.0787279
-26.6286 58.9372 -147.262 0.984584 0.15577 0.0117397 0.0786902
-26.6094 58.7929 -147.374 0.984556 0.155888 0.0117718 0.0788099
-26.5072 58.6606 -147.447 0.984569 0.155926 0.0119578 0.0785352
-26.4698 58.4858 -147.492 0.984496 0.156239 0.0112143 0.0789384
-26.3223 58.4237 -147.489 0.98455 0.155939 0.0114295 0.0788333
-26.062 58.4417 -147.424 0.984561 0.15573 0.0121805 0.0789914
-25.9288 58.3557 -147.348 0.984556 0.155566 0.0118111 0.0794352
-25.8819 58.1699 -147.235 0.98448 0.155775 0.0115541 0.0800048
-25.8819 58.1699 -147.235 0.98448 0.155775 0.0115541 0.0800048
-25.8144 58.0201 -147.013 0.984511 0.155594 0.0113969 0.0799887
-25.6515 57.9636 -146.739 0.984663 0.154735 0.0117906 0.0797335
-25.5235 57.8272 -146.354 0.984696 0.154602 0.01219 0.0795182
-25.5064 57.5131 -145.937 0.984738 0.154491 0.0116407 0.0792963
-25.2349 57.3631 -145.508 0.984902 0.153564 0.0125785 0.0789211
-24.5406 57.011 -144.624 0.984906 0.15308 0.0138374 0.0795913
-24.371 56.5885 -144.222 0.98478 0.153797 0.0136889 0.0798003
-24.176 56.2961 -143.875 0.98486 0.153376 0.0138384 0.0795908
-23.7819 56.1723 -143.539 0.984736 0.153759 0.0153163 0.0801158
-23.5236 55.899 -143.335 0.984616 0.154058 0.0149572 0.0810793
-23.3493 55.7397 -143.236 0.984605 0.154033 0.0150813 0.0812303
-23.0932 55.8321 -143.245 0.984769 0.153324 0.0153835 0.0805352
-22.9576 56.0405 -143.556 0.984951 0.152267 0.0141341 0.0805377
-22.9276 56.2714 -143.744 0.984988 0.152229 0.013719 0.080228
-23.0314 56.4897 -143.956 0.985107 0.151829 0.0132854 0.0795966
-23.0946 56.6624 -144.148 0.985117 0.151837 0.0127126 0.0795498
-23.07 56.9358 -144.317 0.985262 0.151148 0.0125493 0.0790887
-23.0921 57.2822 -144.467 0.985378 0.150651 0.0122223 0.0786431
-23.1022 57.5691 -144.581 0.98551 0.150038 0.0121997 0.078166
-23.1005 57.8763 -144.743 0.985655 0.149161 0.0121305 0.0780262
-23.1197 58.2315 -144.922 0.985838 0.147982 0.01198 0.0779797
-23.1928 58.5009 -145.024 0.985925 0.147509 0.0114936 0.0778561
-23.3507 58.7384 -145.032 0.986018 0.14689 0.0109355 0.0779271
-23.3651 59.2252 -144.939 0.986269 0.145381 0.0110672 0.077552
-23.3921 59.5687 -144.717 0.986266 0.145112 0.0108826 0.0781242
-23.4806 59.7275 -144.426 0.986311 0.1448 0.0107446 0.0781512
-23.5877 59.8317 -144.127 0.986293 0.144963 0.0106059 0.0780996
-23.6009 59.9372 -143.847 0.986332 0.144708 0.0108412 0.0780442
-23.5642 60.1004 -143.636 0.986426 0.144151 0.0113038 0.07782
-23.6517 60.1628 -143.559 0.986423 0.144042 0.0110163 0.0781091
-23.7217 60.3147 -143.571 0.986494 0.143541 0.0111502 0.078108
-23.7127 60.6049 -143.624 0.986535 0.142904 0.0113384 0.0787316
-23.8339 60.9305 -143.773 0.986591 0.142418 0.0108782 0.0789687
-23.9386 61.227 -143.928 0.986724 0.141706 0.0106635 0.0786263
-23.9858 61.3146 -144.005 0.986624 0.142295 0.0105204 0.0788345
-23.9858 61.3146 -144.005 0.986624 0.142295 0.0105204 0.0788345
-24.078 61.2785 -144.121 0.986565 0.142732 0.0104422 0.0787927
-24.088 61.3186 -144.254 0.986544 0.143195 0.0106856 0.0781776
-24.074 61.2836 -144.405 0.986433 0.143885 0.0104346 0.0783418
-23.9722 61.2775 -144.501 0.986435 0.143997 0.0104862 0.0781026
-23.896 61.277 -144.595 0.986429 0.144182 0.00989494 0.0779221
-23.8902 61.2492 -144.586 0.986464 0.144028 0.00980796 0.0777778
-23.5996 61.07 -144.052 0.98635 0.1446 0.0104206 0.0780815
-23.6497 60.7183 -143.723 0.98624 0.145479 0.0101481 0.0778659
-23.6838 60.4606 -143.486 0.98618 0.145847 0.0106741 0.0778758
-23.8178 60.1739 -143.351 0.986063 0.146596 0.010372 0.0779886
-23.9843 59.9031 -143.329 0.986005 0.146782 0.0100103 0.0784169
-23.9003 59.8831 -143.3 0.986065 0.146317 0.0104151 0.0784742
-23.8631 59.8459 -143.263 0.985954 0.146662 0.0106741 0.0791896
-23.9379 59.7534 -143.189 0.985876 0.14719 0.0105163 0.0791993
-23.9175 59.7133 -143.139 0.985816 0.147372 0.0108776 0.0795655
-23.7419 59.5696 -143.325 0.985731 0.147866 0.0105893 0.0797417
-23.8645 59.4077 -143.276 0.985671 0.148235 0.0104917 0.0798054
-23.9756 59.22 -143.25 0.985556 0.148856 0.0103057 0.0800891
-24.0122 59.0803 -143.216 0.985452 0.149398 0.0104892 0.0803367
-24.0775 59.0002 -143.23 0.985394 0.149724 0.0105948 0.080428
-24.2517 58.9131 -143.296 0.985329 0.150177 0.0101786 0.0804399
-24.417 59.0244 -143.321 0.985506 0.149546 0.00988415 0.0794716
-24.4808 59.2035 -143.259 0.985635 0.149099 0.00988117 0.0787147
-24.5173 59.2679 -143.116 0.985531 0.149759 0.00987088 0.0787667
-24.9586 59.9411 -142.524 0.985562 0.150809 0.0100322 0.0763152
-25.0625 59.952 -142.055 0.985398 0.152088 0.0100416 0.0758891
-25.4569 60.0838 -141.603 0.985483 0.152246 0.00998452 0.0744587
-25.6624 60.0505 -141.625 0.98546 0.152237 0.00962516 0.0748383
-25.8131 60.0999 -141.829 0.985531 0.151703 0.00908924 0.0750489
-25.8131 60.0999 -141.829 0.985531 0.151703 0.00908924 0.0750489
-26.189 60.3119 -142.558 0.985583 0.151768 0.00743053 0.0744139
-26.3207 60.501 -143.027 0.985623 0.151583 0.00680764 0.0743188
-26.332 60.7665 -143.471 0.985598 0.15185 0.00655366 0.0741226
-26.4821 60.8661 -143.913 0.985525 0.152613 0.0054784 0.0736215
-26.6337 60.8307 -144.303 0.98549 0.153001 0.00485966 0.0733321
-26.6728 60.7296 -144.563 0.985415 0.153612 0.00478254 0.0730553
-26.882 60.5026 -144.854 0.985358 0.154064 0.00381651 0.0729408
-26.9497 60.3673 -145.04 0.985406 0.153884 0.00393965 0.0726554
-27.0634 60.1452 -145.147 0.98547 0.153876 0.00399202 0.071805
-27.2432 59.8083 -145.2 0.985496 0.153818 0.00342164 0.071603
-27.213 59.5432 -145.008 0.985437 0.15407 0.00399993 0.0718379
-27.1791 59.2649 -144.749 0.985282 0.154771 0.00406914 0.0724536
-27.25 58.8838 -144.369 0.985124 0.155444 0.00397826 0.0731601
-27.0756 58.6492 -143.843 0.985018 0.15595 0.00520811 0.0734293
-26.9193 58.3897 -143.331 0.984854 0.156794 0.00590385 0.0737769
-26.9189 58.1088 -142.933 0.984817 0.157077 0.00612173 0.0736551
-26.8057 57.9576 -142.643 0.984786 0.157131 0.00685235 0.0738918
-26.7088 57.8412 -142.482 0.984728 0.157175 0.00703115 0.074542
-26.6548 57.7995 -142.45 0.98481 0.156476 0.00660223 0.0749748
-26.488 57.9046 -142.492 0.984902 0.155653 0.00682561 0.0754556
-26.3162 57.9825 -142.555 0.984917 0.15533 0.00721263 0.0758905
-26.3307 57.8778 -142.582 0.984879 0.155664 0.00682209 0.0757388
-26.4091 57.7825 -142.629 0.984896 0.155756 0.00639348 0.0753671
-26.4025 57.7858 -142.683 0.984981 0.155602 0.00686582 0.0745211
-26.3882 57.6628 -142.683 0.984863 0.156033 0.00692678 0.0751783
-26.454 57.5696 -142.706 0.984824 0.156155 0.00669036 0.0754545
-26.4482 57.6435 -142.765 0.984921 0.155655 0.0066392 0.0752227
-26.3859 57.7263 -142.816 0.984987 0.155293 0.00658396 0.0751136
-26.3859 57.7263 -142.816 0.984987 0.155293 0.00658396 0.0751136
-26.3296 57.8125 -142.816 0.985098 0.154722 0.00651697 0.0748394
-26.2541 57.782 -142.741 0.985037 0.154943 0.00655007 0.0751757
-26.2344 57.7136 -142.609 0.984995 0.15509 0.00660767 0.0754266
-26.276 57.7539 -142.18 0.984843 0.155425 0.00716298 0.0766523
-26.298 57.7351 -141.946 0.98494 0.155268 0.00746861 0.0756989
-26.3307 57.7189 -141.795 0.985017 0.154935 0.00765132 0.0753601
-26.4313 57.6497 -141.68 0.98496 0.155097 0.00760745 0.075763
-26.5441 57.635 -141.628 0.984977 0.154851 0.00734776 0.0760737
-26.5197 57.782 -141.558 0.985024 0.154421 0.00784132 0.0762951
-26.4512 57.9573 -141.469 0.985186 0.153718 0.00828701 0.0755737
-26.4431 58.0855 -141.419 0.985201 0.153708 0.00863921 0.0753521
-26.346 57.8586 -141.57 0.985182 0.153913 0.0079065 0.0752595
-26.4204 57.8528 -141.477 0.985131 0.154204 0.00793575 0.0753278
-26.4642 57.8143 -141.379 0.985011 0.154781 0.00806524 0.075708
-26.8544 58.2816 -141.024 0.985024 0.155221 0.00841463 0.0745828
-26.9576 58.3819 -140.964 0.984969 0.155519 0.00849857 0.0746868
-27.0233 58.5729 -140.912 0.985022 0.155268 0.00850182 0.0745028
-27.1503 58.721 -140.892 0.985043 0.155203 0.00842241 0.0743733
-27.284 58.7731 -140.867 0.985074 0.155167 0.00824972 0.0740585
-27.3262 58.8959 -140.867 0.985145 0.154841 0.00842291 0.073776
-27.3481 58.9783 -140.881 0.985187 0.154505 0.00809063 0.0739562
-27.4267 58.9575 -140.851 0.985239 0.154089 0.00785253 0.0741573
-27.4559 58.9893 -140.792 0.985341 0.153523 0.00767584 0.0739866
-27.2722 58.896 -140.812 0.985495 0.153061 0.00808347 0.0728499
-27.2567 58.8861 -140.748 0.985454 0.153199 0.00817847 0.0730998
-27.2973 58.8543 -140.701 0.985414 0.153376 0.00797531 0.0732905
-27.2752 58.8603 -140.65 0.985392 0.15347 0.00800169 0.0733813
-27.211 59.1645 -140.357 0.985432 0.153426 0.00832838 0.0729076
-27.1029 59.2471 -140.21 0.985276 0.154401 0.008577 0.0729214
-27.0632 59.2326 -140.04 0.985111 0.155661 0.00854453 0.0724787
-26.9557 59.3361 -139.947 0.984994 0.156612 0.00867438 0.0720075
-26.7744 59.588 -139.983 0.98495 0.156987 0.00875166 0.0717751
-26.706 59.8038 -140.119 0.984903 0.15737 0.00854537 0.0716059
-26.7207 60.0165 -140.336 0.984988 0.15694 0.00810769 0.0714279
-26.7841 60.2889 -140.601 0.985092 0.156322 0.00821 0.0713443
-26.9091 60.5449 -140.87 0.985171 0.155835 0.00775997 0.0713647
-27.0286 60.8533 -141.101 0.985255 0.155347 0.00776341 0.071266
-27.1225 61.2787 -141.217 0.985258 0.155498 0.00750687 0.070929
-27.2795 61.6366 -141.172 0.985234 0.155935 0.0072287 0.0703315
-27.3696 62.0138 -140.98 0.98526 0.156238 0.00734338 0.06927
-27.3908 62.4384 -140.669 0.985276 0.156429 0.00805981 0.0685333
-27.4473 62.8456 -140.351 0.98525 0.156543 0.00846157 0.068595
-27.5591 63.1664 -140.053 0.985223 0.156738 0.00866491 0.0685088
-27.5591 63.1664 -140.053 0.985223 0.156738 0.00866491 0.0685088
-27.736 63.356 -139.849 0.98517 0.157128 0.00856588 0.0683925
-27.9161 63.5442 -139.704 0.98519 0.157114 0.0085925 0.0681373
-28.0457 63.7535 -139.626 0.98525 0.156998 0.00882499 0.0675029
-28.2259 63.8116 -139.653 0.985224 0.157117 0.00855422 0.0676467
-28.4302 63.8013 -139.716 0.985173 0.157415 0.00810107 0.0677492
-28.434 63.8896 -139.755 0.985234 0.157197 0.00828233 0.0673442
-28.4351 63.9299 -139.811 0.985267 0.157083 0.00844349 0.0671015
-28.5835 63.8349 -139.86 0.985294 0.157158 0.0082478 0.0665555
-28.6628 63.685 -139.941 0.985261 0.157397 0.00791927 0.0665154
-28.357 63.4174 -139.908 0.98512 0.157818 0.0080349 0.0675912
-28.357 63.4174 -139.908 0.98512 0.157818 0.0080349 0.0675912
-28.1293 62.9456 -139.349 0.985002 0.158642 0.0081839 0.0673549
-28.1355 62.6484 -139.235 0.984938 0.158878 0.00829099 0.0677215
-28.1628 62.3746 -139.235 0.984859 0.159001 0.00800168 0.0686051
-28.1705 62.2269 -139.322 0.984832 0.159113 0.00807381 0.0687283
-28.084 62.2278 -139.526 0.984841 0.158973 0.00805547 0.0689229
-28.0478 62.2876 -139.854 0.984858 0.15892 0.00771238 0.06884
-28.0125 62.3861 -140.266 0.984891 0.158716 0.00726283 0.0688943
-27.988 62.5427 -140.662 0.984914 0.158678 0.00671201 0.0687029
-27.988 62.5427 -140.662 0.984914 0.158678 0.00671201 0.0687029
-27.9694 62.6833 -140.938 0.984926 0.158554 0.0061132 0.0688788
-27.9012 62.8187 -141.034 0.984864 0.158925 0.00644522 0.0688781
-27.9915 62.8321 -141.054 0.9847 0.159931 0.00597416 0.0689422
-28.0935 62.9236 -141.043 0.984686 0.160069 0.00600009 0.0688209
-28.1713 63.1021 -141.022 0.984612 0.160334 0.00607283 0.0692517
-28.298 63.2358 -141.036 0.984501 0.160871 0.00559855 0.0696156
-28.459 63.4541 -141.079 0.984528 0.160911 0.00550625 0.0691568
-28.5568 63.7668 -141.08 0.984616 0.160588 0.00549941 0.0686517
-28.6626 64.0306 -141.008 0.984657 0.160526 0.00545768 0.0682028
-28.7822 64.2151 -140.89 0.984615 0.160845 0.0055276 0.0680619
-28.9591 64.4738 -140.791 0.984673 0.160742 0.00574473 0.0674352
-29.102 64.7339 -140.715 0.984722 0.160604 0.00578204 0.0670521
-29.1898 64.9308 -140.571 0.984826 0.160553 0.00604462 0.0656081
-29.3656 65.1471 -140.473 0.985004 0.160345 0.00617069 0.0633894
-29.499 65.3354 -140.357 0.985099 0.160338 0.00625618 0.0619108
