-27.8028 132.443 -178.499 0.980956 0.057584 -0.0623721 0.174695
-27.5298 133.023 -178.677 0.981004 0.0566741 -0.0623403 0.174738
-27.3474 133.565 -178.929 0.98108 0.0562186 -0.0627517 0.17431
-27.2359 133.921 -179.12 0.981211 0.0557817 -0.0630571 0.173601
-27.0894 134.224 -179.186 0.981319 0.0554342 -0.0632069 0.173045
-26.9657 134.494 -179.231 0.981308 0.0549728 -0.0633527 0.173204
-26.7922 134.677 -179.165 0.981321 0.0550701 -0.0633635 0.173092
-26.7252 134.781 -179.123 0.981305 0.0554577 -0.0629362 0.173218
-26.5294 134.879 -179.073 0.981372 0.0558692 -0.0626395 0.172814
-26.3647 134.985 -179.144 0.98141 0.0556878 -0.0621769 0.172821
-26.8859 134.46 -179.172 0.98135 0.0555758 -0.063081 0.172872
-26.749 134.669 -179.248 0.981371 0.0555514 -0.0630682 0.172763
-26.3696 135.271 -179.644 0.981452 0.0552806 -0.0627364 0.17251
-25.8909 135.709 -179.952 0.9814 0.055343 -0.0629085 0.172724
-25.6841 135.909 -180.079 0.981301 0.0553119 -0.0628269 0.173325
-25.4692 136.061 -180.156 0.98121 0.0557501 -0.0628115 0.173708
-25.2066 136.289 -180.04 0.981021 0.0566241 -0.06288 0.174467
-24.8492 136.701 -179.746 0.981278 0.0567423 -0.0612991 0.173543
-24.4978 136.929 -179.286 0.981185 0.0575412 -0.0604188 0.174111
-24.1568 137.179 -178.619 0.981005 0.0587882 -0.0596485 0.174974
-23.5618 137.609 -177.655 0.981344 0.0590188 -0.0570637 0.173856
-23.0528 138.093 -176.634 0.981662 0.0594351 -0.0552439 0.172497
-22.6724 138.613 -175.435 0.981966 0.0601858 -0.0537261 0.170977
-22.0444 139.478 -174.165 0.982518 0.0595798 -0.051728 0.168622
-20.9044 140.674 -172.589 0.983083 0.0584667 -0.0490306 0.16651
-19.2757 142.149 -170.574 0.984186 0.0564132 -0.0436525 0.162147
-17.3862 143.485 -168.401 0.985181 0.0548382 -0.0381067 0.157988
-13.9265 144.219 -164.082 0.986147 0.0570741 -0.0325198 0.152314
-11.8858 144.211 -162.049 0.986567 0.0568699 -0.0289392 0.150383
-9.87031 143.962 -160.149 0.986889 0.056539 -0.0256951 0.148973
-8.21482 143.031 -158.64 0.986452 0.0596679 -0.0247769 0.150794
-6.94741 141.506 -157.132 0.986155 0.0622685 -0.0243193 0.151756
-5.81657 139.95 -155.796 0.985947 0.0645344 -0.0236264 0.152274
-5.81657 139.95 -155.796 0.985947 0.0645344 -0.0236264 0.152274
-4.91563 138.443 -154.772 0.985968 0.0649071 -0.0224122 0.152158
-4.29352 136.582 -153.902 0.985574 0.0673786 -0.0223781 0.153631
-3.85848 134.619 -153.22 0.985114 0.0698963 -0.0223576 0.155454
-3.34954 132.678 -152.563 0.984667 0.0722047 -0.0218811 0.157288
-2.92996 130.75 -152.121 0.984422 0.0739953 -0.0213303 0.158063
-2.59399 128.745 -151.846 0.984015 0.076905 -0.0215621 0.159172
-2.26052 126.82 -151.785 0.983639 0.0793633 -0.0219125 0.160233
-1.88802 124.836 -151.869 0.983427 0.0818067 -0.0225348 0.160224
-1.48755 122.99 -152.183 0.983218 0.0845668 -0.0233651 0.159952
-0.979202 121.26 -152.675 0.983078 0.0869604 -0.0240984 0.159418
-0.20356 119.804 -153.222 0.983104 0.0888175 -0.0239981 0.158247
1.2369 116.979 -154.991 0.982972 0.0927247 -0.0262669 0.156457
1.90074 115.352 -155.981 0.982906 0.0950158 -0.0281276 0.15517
2.47305 113.692 -157.079 0.982847 0.0969465 -0.0300437 0.153984
2.47305 113.692 -157.079 0.982847 0.0969465 -0.0300437 0.153984
2.6926 111.86 -158.338 0.982541 0.0990471 -0.0333 0.153929
2.5063 109.795 -159.712 0.981907 0.101065 -0.0371945 0.15576
2.0486 107.763 -161.133 0.981208 0.10168 -0.0412564 0.158713
-0.411172 103.58 -164.22 0.979292 0.100048 -0.0489715 0.169055
-2.5845 101.107 -165.76 0.978439 0.0982503 -0.0534144 0.17364
-5.33148 98.4206 -167.23 0.977182 0.0983154 -0.0586693 0.178909
-7.79947 96.0478 -168.288 0.976436 0.0960011 -0.0608282 0.183459
-9.81795 94.0264 -168.845 0.975954 0.0925792 -0.0606156 0.1878
-11.8183 92.1208 -169.127 0.975453 0.0897079 -0.0597651 0.19202
-13.957 90.3002 -169.131 0.975372 0.0874882 -0.0588898 0.193722
-16.1893 88.3796 -168.807 0.975339 0.086192 -0.0584785 0.194589
-18.3679 86.5509 -168.335 0.975235 0.0845039 -0.0570983 0.196253
-20.4316 84.5148 -167.636 0.974804 0.0839105 -0.0560022 0.198947
-22.1483 81.9745 -166.63 0.974331 0.0841988 -0.0541127 0.201647
-23.4434 79.4594 -165.642 0.973648 0.0845257 -0.0525033 0.205206
-24.1919 77.1125 -164.489 0.973122 0.0848605 -0.0505008 0.208044
-24.0592 74.9082 -163.168 0.972898 0.0858072 -0.0472951 0.209449
-23.0247 72.7197 -161.818 0.972434 0.0865287 -0.0434081 0.212136
-21.5627 70.4654 -160.495 0.97173 0.0880884 -0.0406317 0.215245
-20.1527 68.3192 -159.557 0.971078 0.0893631 -0.0396674 0.217825
-18.4051 66.36 -158.687 0.970817 0.0905482 -0.0377475 0.218837
-16.5757 64.086 -157.893 0.970418 0.0926245 -0.0371868 0.219836
-14.7758 61.88 -157.322 0.969926 0.0946397 -0.0370678 0.221163
-12.5374 60.2708 -156.725 0.969667 0.0957407 -0.0356494 0.222054
-9.9266 59.0452 -156.137 0.969294 0.0966601 -0.0338894 0.223555
-7.00144 57.9708 -155.488 0.968967 0.0977737 -0.0318998 0.224781
-3.75624 57.0328 -154.651 0.968905 0.0996601 -0.0299526 0.224488
0.101337 56.6327 -153.431 0.969267 0.102148 -0.0267117 0.222203
4.81708 56.9698 -151.795 0.969788 0.104078 -0.0219329 0.219544
10.1111 57.6656 -149.761 0.969923 0.107461 -0.0161798 0.217806
15.6673 58.2447 -147.697 0.969796 0.11166 -0.0108132 0.216592
20.5902 58.4395 -145.892 0.969492 0.116165 -0.00771083 0.215713
24.3125 58.3565 -144.629 0.969709 0.119733 -0.00698915 0.212794
27.1976 58.5325 -143.785 0.970571 0.120764 -0.00669996 0.20824
29.5167 59.0944 -143.29 0.971465 0.119751 -0.00612897 0.204644
31.2424 60.0406 -142.981 0.972884 0.11601 -0.0050847 0.200034
31.7827 60.9989 -143.069 0.97387 0.112889 -0.0056679 0.19698
31.8444 62.1319 -143.067 0.975906 0.105855 -0.00650593 0.190682
31.9481 65.3688 -143.035 0.97922 0.0925134 -0.00348349 0.180438
31.9345 66.8786 -142.855 0.980383 0.0870623 -0.00129901 0.176829
31.7647 68.4442 -142.511 0.981563 0.0806161 0.00122844 0.173304
30.9089 69.2174 -142.243 0.981869 0.0771923 0.00222571 0.173115
29.1073 68.8596 -142.058 0.98149 0.077599 0.000745202 0.175086
26.4441 68.1511 -142.177 0.981194 0.0788973 -0.00326048 0.176138
23.4906 67.7481 -142.512 0.981022 0.079093 -0.00735021 0.176882
20.7452 67.9257 -142.849 0.981217 0.0767229 -0.00997728 0.176714
17.7206 68.5526 -143.462 0.981588 0.0736272 -0.0124234 0.17581
14.0741 69.2327 -144.316 0.981825 0.0712567 -0.0168283 0.175097
9.95728 69.9056 -145.354 0.9821 0.0690316 -0.0222927 0.173831
9.95728 69.9056 -145.354 0.9821 0.0690316 -0.0222927 0.173831
6.14598 71.0512 -146.473 0.982627 0.065512 -0.0258671 0.171705
2.61639 73.1128 -147.804 0.983594 0.0587599 -0.0286221 0.168143
-0.894836 75.4191 -149.267 0.984191 0.052441 -0.0316003 0.166189
-4.51239 77.2664 -150.779 0.984552 0.0478006 -0.0358082 0.16459
-8.26949 78.898 -152.378 0.984856 0.0441928 -0.040442 0.162698
-11.8187 80.4784 -154.02 0.984957 0.0410383 -0.0450409 0.161697
-15.0958 81.9996 -155.684 0.984925 0.0385185 -0.0493785 0.161247
-20.7574 83.8679 -158.708 0.984659 0.036772 -0.0569782 0.160773
-23.3934 84.2048 -160.184 0.984076 0.0386906 -0.060855 0.162464
-25.3478 84.7228 -161.494 0.983616 0.0404125 -0.0646965 0.163346
-27.1993 85.6257 -162.927 0.983987 0.0392296 -0.0644135 0.161497
-27.1993 85.6257 -162.927 0.983987 0.0392296 -0.0644135 0.161497
-28.5325 86.7231 -164.006 0.984084 0.0386115 -0.0643898 0.161068
-29.9415 87.7628 -165.023 0.983992 0.0387549 -0.0647909 0.161426
-32.3442 90.1157 -166.768 0.983948 0.0386171 -0.0643782 0.161893
-33.2789 91.4012 -167.413 0.983983 0.0388673 -0.0643843 0.161624
-33.8306 92.855 -167.89 0.983999 0.0390703 -0.0632376 0.161928
-33.9542 94.3423 -168.063 0.984168 0.0384071 -0.0609709 0.161929
-34.0009 95.5423 -168.055 0.984011 0.0394172 -0.0599193 0.163025
-34.0009 95.5423 -168.055 0.984011 0.0394172 -0.0599193 0.163025
-33.8536 96.5678 -167.736 0.983839 0.0409533 -0.0590254 0.16401
-33.2108 97.7769 -167.225 0.98406 0.0415229 -0.0563376 0.163486
-32.5083 98.6897 -166.512 0.984229 0.0421412 -0.0544809 0.162938
-31.976 99.2182 -165.677 0.983909 0.0441344 -0.0537907 0.164568
-30.5656 99.8473 -163.51 0.98392 0.045416 -0.0499684 0.165357
-29.8425 99.6515 -162.148 0.983786 0.0463799 -0.0481603 0.166418
-29.2351 99.1994 -160.73 0.98369 0.0477874 -0.0466637 0.167016
-28.6524 98.5363 -159.299 0.983707 0.048683 -0.0450863 0.167088
-28.1231 97.6112 -157.884 0.983566 0.0500527 -0.0434849 0.167935
-27.6793 96.4785 -156.486 0.98326 0.0518616 -0.0427664 0.169354
-27.2643 95.4637 -155.309 0.982866 0.0535066 -0.0421108 0.171285
-26.6407 94.6123 -154.355 0.982581 0.0537329 -0.0406129 0.173198
-26.0313 93.8845 -153.735 0.982419 0.0539651 -0.0395115 0.1743
-25.5377 93.1668 -153.551 0.982265 0.0540421 -0.0387007 0.175319
-25.1301 92.4409 -153.638 0.981972 0.0546459 -0.0387734 0.176753
-24.7143 91.717 -153.874 0.981696 0.0550644 -0.0388644 0.178134
-24.2604 91.0464 -154.221 0.981434 0.0556686 -0.0393329 0.179281
-23.8956 90.6012 -154.731 0.981328 0.0565036 -0.0397854 0.1795
-23.412 90.2595 -155.199 0.98125 0.0571716 -0.0399044 0.179689
-22.8854 89.8181 -155.57 0.981184 0.0579062 -0.0400881 0.17977
-22.4117 89.5259 -155.86 0.980916 0.0594007 -0.0406167 0.180627
-21.7808 89.3588 -155.926 0.980943 0.0597725 -0.0408281 0.180306
-21.1661 89.1341 -155.956 0.980826 0.0604792 -0.0409296 0.180684
-20.5394 88.7848 -155.773 0.980854 0.0611663 -0.0408112 0.180327
-20.5394 88.7848 -155.773 0.980854 0.0611663 -0.0408112 0.180327
-19.8278 88.3167 -155.461 0.980567 0.0621524 -0.04083 0.181547
-19.0495 87.8731 -155.142 0.980253 0.0628778 -0.040944 0.182963
-18.1033 87.6155 -154.857 0.980183 0.0630613 -0.0400661 0.183468
-17.2031 87.302 -154.78 0.979948 0.0635265 -0.0403426 0.184494
-16.244 86.9071 -154.852 0.979739 0.0643116 -0.0408923 0.185212
-14.9578 86.7409 -155.056 0.979535 0.065173 -0.0412066 0.185917
-13.3551 86.9583 -155.355 0.979588 0.0655387 -0.0411424 0.185527
-11.6325 87.2673 -155.622 0.979827 0.0659523 -0.0407695 0.184197
-10.1217 87.3942 -155.857 0.979769 0.0679151 -0.0417372 0.183572
-8.89191 87.2762 -155.968 0.979547 0.0708907 -0.0434113 0.183241
-7.86775 86.9447 -156.063 0.979104 0.0745122 -0.0454247 0.183685
-7.0192 86.8123 -156.211 0.978892 0.0767815 -0.0468381 0.183526
-6.19371 86.9334 -156.38 0.978925 0.0776967 -0.047648 0.182753
-5.35136 87.1823 -156.576 0.978898 0.0776834 -0.0478396 0.182853
-4.65769 87.5176 -156.888 0.978879 0.0772564 -0.0476322 0.18319
-4.23658 87.727 -157.253 0.97885 0.0769164 -0.0480517 0.18338
-4.03235 87.7508 -157.712 0.978651 0.0769496 -0.0489849 0.184176
-3.92967 87.9239 -158.269 0.978508 0.076677 -0.0496918 0.184862
-3.88925 88.2685 -158.903 0.978667 0.0756789 -0.0498342 0.184389
-3.94903 88.4323 -159.482 0.978615 0.0753775 -0.050093 0.184722
-4.24278 88.4875 -160.125 0.978555 0.0755326 -0.0512603 0.184654
-4.52095 88.6556 -160.7 0.978723 0.0757002 -0.0517784 0.183546
-4.77609 88.6506 -161.224 0.9787 0.0764275 -0.0526212 0.183131
-5.10313 88.562 -161.772 0.978561 0.077919 -0.0538355 0.182889
-5.3168 88.5904 -162.209 0.978518 0.0792269 -0.0544813 0.182369
-5.49275 88.5565 -162.568 0.978541 0.0809442 -0.054983 0.181338
-5.78381 88.1758 -162.929 0.978161 0.0839256 -0.0563765 0.181601
-6.0195 87.7193 -163.166 0.977808 0.0878674 -0.0569265 0.181469
-6.11092 87.4638 -163.386 0.97744 0.0912205 -0.0571958 0.181713
-6.10084 87.3734 -163.575 0.97732 0.093581 -0.0571377 0.181173
-6.15187 87.3851 -163.767 0.977383 0.0952542 -0.0577254 0.179768
-6.27558 87.88 -164.117 0.977852 0.0955319 -0.0576027 0.177093
-6.36 88.4482 -164.521 0.978423 0.0941488 -0.0575777 0.174668
-7.06453 88.666 -165.109 0.979271 0.0925883 -0.0590793 0.170193
-8.19333 88.7464 -165.774 0.980146 0.0902795 -0.0616185 0.16543
-9.47862 88.835 -166.295 0.981162 0.0865325 -0.0639724 0.160437
-9.47862 88.835 -166.295 0.981162 0.0865325 -0.0639724 0.160437
-10.5591 89.1407 -166.484 0.982213 0.0826446 -0.0653461 0.155423
-11.1029 90.1374 -166.292 0.983713 0.0763076 -0.063762 0.149732
-10.9802 91.111 -165.632 0.985012 0.0692869 -0.0599015 0.146161
-11.4448 91.165 -165.012 0.985802 0.0651498 -0.0583049 0.143358
-12.6408 90.4145 -164.645 0.985715 0.0639093 -0.0598341 0.14388
-13.9733 89.4936 -164.395 0.985646 0.0618597 -0.0616922 0.144461
-15.1356 88.6994 -164.225 0.98514 0.0607909 -0.0640403 0.147314
-15.9045 88.5462 -164.217 0.984964 0.0581314 -0.0646148 0.149305
-16.4642 88.5718 -164.224 0.984924 0.054847 -0.0652546 0.150526
-17.1465 88.4582 -164.289 0.984651 0.0533029 -0.0667074 0.152224
-17.7231 88.5925 -164.493 0.984446 0.0515159 -0.0677565 0.153692
-18.1198 88.9986 -164.681 0.984282 0.0491615 -0.0683873 0.155229
-18.6334 89.4131 -165.026 0.98411 0.0474188 -0.0694961 0.15636
-19.2854 89.6867 -165.434 0.983988 0.0463305 -0.071178 0.156699
-19.9983 89.8332 -165.844 0.983948 0.0458933 -0.0727066 0.156379
-20.9084 89.8382 -166.317 0.983894 0.0462059 -0.0748258 0.155623
-21.7342 89.844 -166.658 0.983978 0.0461915 -0.0762817 0.154388
-22.452 90.0844 -167.003 0.984076 0.0457047 -0.0773045 0.153394
-23.2454 90.2693 -167.217 0.984132 0.0453278 -0.0780254 0.152777
-23.9655 90.4105 -167.362 0.984319 0.044535 -0.0786414 0.151491
-24.6231 90.566 -167.383 0.984638 0.0440903 -0.0788829 0.149408
-25.337 90.5137 -167.254 0.984691 0.0439215 -0.0791193 0.148981
-26.0653 90.3546 -167.015 0.984496 0.0437456 -0.0797483 0.149978
-26.0653 90.3546 -167.015 0.984496 0.0437456 -0.0797483 0.149978
-26.5923 90.4953 -166.627 0.984532 0.0431223 -0.0795058 0.150052
-26.8555 90.7063 -166.028 0.984778 0.0417929 -0.0783929 0.149402
-27.1266 90.8144 -165.435 0.984804 0.0411627 -0.077665 0.149784
-27.5113 90.6959 -164.92 0.984717 0.0406914 -0.0771671 0.150735
-27.8323 90.5254 -164.368 0.984611 0.0402987 -0.076575 0.151834
-28.0308 90.411 -163.727 0.984663 0.0394477 -0.0756725 0.152175
-28.0851 90.3438 -163.07 0.984672 0.0384105 -0.0744063 0.153001
-28.0975 90.1256 -162.335 0.984842 0.0371445 -0.0727888 0.152997
-28.2494 89.4754 -161.634 0.984642 0.0368514 -0.0722952 0.154582
-28.6708 88.5765 -161.035 0.984324 0.0377019 -0.0726974 0.156208
-28.928 87.5982 -160.471 0.984082 0.0378336 -0.0726017 0.157734
-29.0077 86.6297 -159.999 0.984065 0.0382534 -0.0724147 0.157829
-29.0731 85.425 -159.57 0.984105 0.0390025 -0.0723085 0.157443
-29.0858 84.0714 -159.193 0.984086 0.0403567 -0.0720071 0.157354
-29.1644 82.5462 -158.88 0.984182 0.0420851 -0.071768 0.156413
-29.2087 80.874 -158.548 0.98407 0.0442142 -0.0718936 0.156468
-29.1084 79.6062 -158.23 0.984039 0.0456076 -0.0708282 0.156751
-28.7815 78.7713 -157.857 0.984144 0.0460541 -0.0695004 0.156559
-28.3888 78.0529 -157.519 0.984234 0.0466714 -0.0680555 0.156442
-28.1424 77.3223 -157.339 0.984323 0.0474305 -0.0671237 0.156054
-28.1462 76.6052 -157.34 0.98426 0.0487187 -0.0675261 0.155883
-28.0773 76.0424 -157.357 0.984178 0.0495479 -0.0669537 0.156382
-27.7046 75.7727 -157.323 0.984377 0.050098 -0.0653639 0.155632
-27.4335 75.4414 -157.375 0.984445 0.0518925 -0.0648024 0.154843
-27.2013 74.983 -157.483 0.984305 0.0542749 -0.0646513 0.154976
-26.7426 74.8846 -157.645 0.984241 0.0556091 -0.0637234 0.155297
-25.997 75.3417 -157.805 0.984479 0.056204 -0.0620126 0.154263
-24.8928 75.9936 -157.981 0.984758 0.056012 -0.0591681 0.15367
-23.6357 76.4843 -158.12 0.985047 0.0566684 -0.0563963 0.152614
-22.4022 76.842 -158.292 0.985307 0.0577302 -0.053575 0.151547
-22.4022 76.842 -158.292 0.985307 0.0577302 -0.053575 0.151547
-21.3556 76.8731 -158.508 0.985587 0.0590548 -0.0511386 0.150055
-20.7905 76.2857 -158.842 0.985397 0.0624025 -0.0506684 0.150106
-20.3706 75.3687 -159.149 0.985208 0.0663548 -0.0500528 0.149859
-19.9239 74.2214 -159.373 0.985098 0.0707584 -0.0490481 0.148895
-19.2532 72.7331 -159.554 0.98477 0.0757414 -0.0473251 0.149172
-18.4924 71.1184 -159.747 0.984257 0.0818589 -0.0452049 0.149981
-17.7309 69.8159 -160.051 0.983885 0.0867297 -0.0435431 0.150172
-16.8862 68.7302 -160.384 0.983407 0.0911975 -0.0421391 0.151056
-15.9182 67.6103 -160.71 0.982846 0.0957508 -0.0404918 0.152331
-15.0491 66.6086 -161.127 0.982463 0.0994458 -0.0386545 0.152915
-14.3566 65.7309 -161.643 0.982188 0.102535 -0.0375149 0.152923
-13.2203 63.8312 -162.796 0.981232 0.10831 -0.0367083 0.155259
-12.2834 63.2629 -163.066 0.981018 0.109681 -0.0341839 0.156222
-11.4899 62.8537 -163.238 0.980837 0.110203 -0.0322209 0.157404
-11.006 62.1727 -163.299 0.980322 0.112432 -0.0314286 0.159187
-10.7214 61.4914 -163.271 0.980048 0.11437 -0.0309185 0.159594
-10.414 61.3407 -163.214 0.980094 0.11456 -0.02987 0.159374
-10.1409 61.296 -163.06 0.979786 0.11577 -0.0294205 0.160473
-10.1782 61.018 -163.011 0.979466 0.11765 -0.0301997 0.160912
-10.2488 60.8333 -162.972 0.979318 0.119274 -0.0310759 0.160452
-10.1731 61.0275 -162.979 0.97936 0.119653 -0.0310556 0.159917
-10.1035 61.2342 -162.994 0.979362 0.119964 -0.0313591 0.159607
-10.2777 61.2693 -163.063 0.979212 0.121146 -0.0317196 0.159564
-10.3877 61.3381 -163.102 0.978951 0.121999 -0.0326981 0.160324
-10.3877 61.3381 -163.102 0.978951 0.121999 -0.0326981 0.160324
-10.1206 60.6312 -163.21 0.978694 0.121655 -0.0322911 0.162221
-10.0963 60.9245 -163.256 0.97887 0.121322 -0.0324292 0.16138
-10.1764 62.2632 -163.478 0.979358 0.120537 -0.0335072 0.158763
-10.1551 62.3908 -163.491 0.97955 0.119619 -0.0332551 0.158329
-10.0756 62.4184 -163.488 0.979454 0.11935 -0.0329896 0.159174
-10.0513 62.0766 -163.373 0.979792 0.118551 -0.0329345 0.157699
-9.99073 62.4741 -163.314 0.980232 0.11657 -0.032766 0.156469
-9.83095 62.854 -163.188 0.980561 0.114864 -0.0324121 0.155745
-9.7105 63.0279 -163.073 0.980674 0.11393 -0.0322822 0.155744
-9.32211 63.0067 -162.63 0.98001 0.112968 -0.0314936 0.160707
-9.16208 62.6656 -162.116 0.979892 0.113869 -0.0309095 0.160906
-9.13772 62.1551 -161.605 0.979785 0.114836 -0.0307922 0.16089
-9.13772 62.1551 -161.605 0.979785 0.114836 -0.0307922 0.16089
-9.26469 61.6531 -161.248 0.979706 0.115586 -0.0307485 0.160845
-9.35551 61.1948 -161.005 0.979442 0.116377 -0.0309917 0.161832
-9.3415 60.8851 -160.9 0.979552 0.116182 -0.0308912 0.161321
-9.2687 60.2699 -161.05 0.979587 0.116703 -0.0313162 0.160651
-9.41579 59.7884 -161.288 0.979407 0.117344 -0.0320203 0.161144
-9.50019 59.3896 -161.533 0.979343 0.117761 -0.0326493 0.161102
-9.57968 58.9278 -161.707 0.979192 0.11859 -0.032983 0.161342
-9.6575 58.4461 -161.832 0.978991 0.119062 -0.033405 0.16213
-9.63365 58.235 -161.914 0.978813 0.119157 -0.0333297 0.163143
-9.60052 58.1469 -161.952 0.978852 0.119008 -0.0330906 0.163069
-9.61393 57.9948 -162.024 0.978731 0.118977 -0.0334238 0.163748
-9.50083 58.1535 -162.099 0.978919 0.118121 -0.0331133 0.163308
-9.38857 58.2309 -162.262 0.978784 0.118065 -0.0332808 0.164117
-9.46621 58.0595 -162.239 0.979027 0.118357 -0.0334572 0.162417
-9.49873 57.7198 -162.264 0.978765 0.119274 -0.0339884 0.163208
-9.49873 57.7198 -162.264 0.978765 0.119274 -0.0339884 0.163208
-9.39011 57.4673 -162.113 0.978575 0.11999 -0.0339107 0.163839
-9.37051 57.5088 -161.576 0.97894 0.120199 -0.0337918 0.161516
-9.21576 57.4416 -161.018 0.978998 0.120249 -0.0332563 0.161235
-9.13838 57.3616 -160.483 0.979089 0.12023 -0.0325595 0.160838
-8.99881 57.3554 -159.974 0.979016 0.120199 -0.0319551 0.161428
-8.79826 57.5749 -159.469 0.979226 0.119258 -0.0306231 0.16111
-8.67766 57.685 -159.0 0.979307 0.118794 -0.0299423 0.161088
-8.83513 57.4725 -158.648 0.979177 0.119271 -0.0301785 0.161483
-8.96629 57.299 -158.424 0.978998 0.119191 -0.0303416 0.16259
-8.88385 57.3365 -158.168 0.979042 0.118738 -0.0295957 0.162793
-8.82009 57.2583 -157.955 0.979017 0.118623 -0.0290523 0.163127
-8.92693 57.0168 -157.65 0.97885 0.119521 -0.0293858 0.163415
-8.95503 56.9293 -157.34 0.978764 0.119275 -0.0294769 0.164092
-8.82159 57.2682 -156.995 0.978815 0.118676 -0.028476 0.164396
-8.59439 57.7 -156.688 0.978886 0.117639 -0.0274664 0.16489
-8.55816 58.0305 -156.511 0.979097 0.116842 -0.0269857 0.164283
-8.72715 58.0368 -156.399 0.979064 0.117203 -0.0270503 0.164214
-9.04396 57.9189 -156.389 0.979055 0.117071 -0.0277384 0.164245
-9.2704 57.7773 -156.453 0.978853 0.117105 -0.0284384 0.1653
-9.50131 57.5879 -156.473 0.978727 0.118041 -0.0288424 0.165313
-9.66355 57.4983 -156.541 0.978795 0.117911 -0.0290367 0.164968
-9.68992 57.5774 -156.558 0.978929 0.117284 -0.0290685 0.164616
-9.68992 57.5774 -156.558 0.978929 0.117284 -0.0290685 0.164616
-9.31494 57.2361 -156.603 0.978794 0.11805 -0.0288789 0.164901
-9.47968 57.1087 -156.633 0.978696 0.118545 -0.0290233 0.165103
-9.53618 57.2278 -156.588 0.978927 0.117899 -0.0288289 0.164224
-9.65644 57.2294 -156.547 0.97899 0.117834 -0.0291763 0.163838
-9.79079 56.996 -156.528 0.978799 0.118745 -0.0293222 0.16429
-9.91807 56.9188 -156.543 0.978905 0.118606 -0.0293798 0.163749
-10.5024 56.8418 -156.483 0.979131 0.119279 -0.0297912 0.161828
-10.7244 56.521 -156.625 0.979024 0.119983 -0.0303544 0.161849
-10.8032 56.5262 -156.772 0.979244 0.119226 -0.0303518 0.161076
-10.3581 56.5079 -156.793 0.979008 0.119401 -0.0298853 0.162463
-10.4281 56.3979 -156.844 0.978965 0.119738 -0.0300407 0.16244
-10.8592 56.4026 -157.01 0.97902 0.120052 -0.0311816 0.161665
-10.9039 56.443 -157.089 0.97913 0.119738 -0.0314801 0.161175
-10.8201 56.5477 -157.072 0.979065 0.119446 -0.031298 0.161819
-10.6108 56.3462 -156.952 0.979192 0.119239 -0.0305349 0.161347
-10.5907 56.2647 -156.845 0.979097 0.119625 -0.0304641 0.161648
-10.6134 56.2216 -156.758 0.979035 0.119866 -0.0305183 0.161837
-10.6735 56.2171 -156.724 0.978966 0.120061 -0.0306578 0.162082
-10.691 56.5056 -156.708 0.979148 0.119307 -0.0307265 0.161525
-10.6973 56.506 -156.688 0.97899 0.119868 -0.0308564 0.16204
-10.7021 56.6329 -156.644 0.979056 0.11961 -0.0309812 0.161813
-10.643 56.7327 -156.533 0.979026 0.119755 -0.0307032 0.161936
-10.643 56.7327 -156.533 0.979026 0.119755 -0.0307032 0.161936
-10.6351 56.6961 -156.401 0.978838 0.12053 -0.0305558 0.162526
-10.9923 57.4055 -156.073 0.978856 0.121141 -0.0301811 0.162031
-10.9579 57.5089 -155.874 0.978844 0.121799 -0.0296072 0.16172
-11.0405 57.694 -155.866 0.978945 0.121505 -0.0298588 0.161282
-11.1497 57.9524 -155.966 0.979102 0.120918 -0.0299216 0.160759
-11.1733 58.2524 -156.072 0.97921 0.120537 -0.0299761 0.160375
-11.1536 58.3675 -156.071 0.979092 0.12119 -0.0301503 0.16057
-11.1697 58.39 -155.961 0.979052 0.121826 -0.030452 0.160274
-11.1148 58.5493 -155.727 0.979132 0.12194 -0.0299021 0.159804
-11.0297 58.711 -155.325 0.979136 0.122002 -0.0294203 0.159824
-11.0618 58.7994 -154.802 0.979093 0.122507 -0.0287782 0.159813
-11.1997 58.9075 -154.374 0.979148 0.122553 -0.0285645 0.159477
-11.3864 58.9965 -153.986 0.979144 0.123021 -0.0282644 0.159198
-11.6181 59.024 -153.805 0.979143 0.123487 -0.0284969 0.158801
-11.8828 59.0797 -153.897 0.979002 0.124213 -0.0289425 0.159027
-12.1364 59.2824 -154.193 0.978997 0.124422 -0.0296414 0.158766
-12.2521 59.6817 -154.606 0.979122 0.124012 -0.0300123 0.158245
-12.1678 60.1093 -154.94 0.97916 0.123943 -0.0300921 0.158045
-12.1117 60.5534 -155.345 0.979201 0.123771 -0.0304866 0.15785
-12.0858 60.95 -155.741 0.979332 0.123521 -0.0307564 0.157179
-12.1354 61.1851 -156.131 0.979394 0.123688 -0.0313541 0.156544
-12.1575 61.3963 -156.542 0.979374 0.123518 -0.031991 0.156674
-12.1575 61.6752 -156.906 0.979613 0.12253 -0.0322486 0.155898
-12.2802 61.7309 -157.245 0.979516 0.122518 -0.0334383 0.15627
-12.3935 61.624 -157.389 0.979431 0.122776 -0.0336862 0.156544
-12.2892 61.4829 -157.272 0.97943 0.122922 -0.0334578 0.156489
-12.3143 61.1817 -157.162 0.979277 0.123754 -0.0334285 0.156792
-12.3716 61.1136 -157.264 0.979298 0.123286 -0.0333455 0.157048
-10.6292 62.5101 -159.557 0.979181 0.12898 -0.0359327 0.152568
-10.4973 62.3134 -159.477 0.979235 0.128722 -0.0355424 0.15253
-10.3992 61.899 -159.392 0.979138 0.128677 -0.0354664 0.153209
-10.3785 61.3115 -159.254 0.979049 0.128833 -0.0355038 0.153635
-10.3345 60.7369 -159.12 0.978961 0.128527 -0.0354453 0.154464
-10.2289 60.2623 -159.028 0.978906 0.127915 -0.0348337 0.155462
-10.1373 59.6754 -158.98 0.978721 0.127654 -0.0346903 0.156863
-10.2224 59.0916 -159.046 0.978652 0.12737 -0.0353575 0.157378
-10.1108 58.7362 -159.091 0.978718 0.126681 -0.0351681 0.157564
-9.92954 58.508 -159.071 0.978746 0.126305 -0.0345858 0.157822
-9.90777 58.0885 -159.004 0.978502 0.127095 -0.0349284 0.158624
-9.91012 57.7615 -158.912 0.978531 0.127307 -0.0347504 0.158312
-9.72631 57.6352 -158.774 0.978569 0.127248 -0.0343851 0.158204
-9.60266 57.527 -158.686 0.978497 0.127338 -0.0339243 0.158675
-9.66193 57.3289 -158.695 0.978495 0.12705 -0.0340106 0.158899
-9.82787 57.0285 -158.638 0.978395 0.12742 -0.0342796 0.159165
-9.96985 56.8165 -158.564 0.978314 0.12772 -0.0342792 0.159422
-10.0481 56.8831 -158.508 0.978401 0.127046 -0.034339 0.159411
-10.0481 56.8831 -158.508 0.978401 0.127046 -0.034339 0.159411
-10.1018 57.0455 -158.441 0.978497 0.126564 -0.0338779 0.159301
-9.80847 57.0407 -158.53 0.9786 0.126689 -0.0340043 0.158544
-9.8369 57.0681 -158.425 0.978581 0.126748 -0.0340352 0.158608
-9.84619 57.173 -158.292 0.978589 0.126656 -0.0340711 0.158623
-10.1359 58.1406 -157.837 0.978748 0.126691 -0.0333334 0.157771
-10.2028 58.4442 -157.636 0.978777 0.126835 -0.0331614 0.157512
-10.313 58.7017 -157.44 0.978744 0.127039 -0.0330784 0.157566
-10.3503 59.0254 -157.306 0.978957 0.126482 -0.0329439 0.15672
-10.4588 59.2846 -157.238 0.978999 0.126211 -0.0330668 0.156644
-10.5109 59.4588 -157.081 0.979005 0.125812 -0.0331466 0.156913
-10.5058 59.5916 -156.82 0.979023 0.125581 -0.0330093 0.157015
-10.5596 59.556 -156.482 0.979076 0.125644 -0.0327244 0.156697
-10.5188 59.4097 -156.038 0.979097 0.125994 -0.0324104 0.156346
-10.4252 59.2492 -155.716 0.979189 0.125802 -0.0317471 0.156059
-10.3136 58.9985 -155.436 0.979309 0.125634 -0.0315201 0.155487
-10.2183 58.6644 -155.151 0.979409 0.125597 -0.0313291 0.154925
-9.97023 58.3476 -154.866 0.979344 0.125196 -0.0307725 0.15577
-9.62043 58.2824 -154.69 0.979323 0.124064 -0.0299299 0.156968
-9.31043 58.2442 -154.727 0.979326 0.122892 -0.0295919 0.157931
-9.11798 58.1328 -154.973 0.979527 0.121654 -0.029317 0.157692
-9.14163 57.7335 -155.344 0.979491 0.121478 -0.0301102 0.157906
-9.3024 57.1717 -155.758 0.979469 0.12182 -0.0313517 0.157536
-9.3301 56.7536 -156.181 0.979377 0.122271 -0.0319739 0.157633
-9.15694 56.4717 -156.403 0.979263 0.122876 -0.0320192 0.157862
-9.04381 56.2489 -156.581 0.979252 0.123269 -0.0321778 0.157595
-9.04457 56.0281 -156.732 0.979087 0.12376 -0.0327279 0.15812
-8.95225 55.9983 -156.862 0.978958 0.124032 -0.0327157 0.158704
-8.84321 56.0445 -156.986 0.978932 0.124164 -0.0327797 0.158752
-8.85161 55.9178 -157.222 0.978866 0.124864 -0.0334343 0.15847
-9.08872 55.6134 -157.562 0.978748 0.12566 -0.0349975 0.158232
-9.19119 55.3899 -157.811 0.978687 0.126353 -0.0356188 0.15792
-9.10843 55.3617 -158.009 0.978707 0.126689 -0.035719 0.157501
-9.08225 55.2943 -158.135 0.978536 0.127098 -0.0359899 0.158171
-8.96237 55.3248 -158.122 0.97859 0.12663 -0.0359559 0.158219
-8.74127 55.4744 -157.969 0.978546 0.126393 -0.0354428 0.158796
-8.45508 55.6343 -157.613 0.978613 0.126027 -0.0345998 0.158864
-8.10725 55.7499 -157.179 0.978567 0.125717 -0.0339325 0.159532
-7.84284 55.7946 -156.685 0.978511 0.125836 -0.0330659 0.159965
-7.75473 55.6244 -156.282 0.978228 0.126496 -0.0329298 0.161198
-7.7697 55.3597 -156.034 0.978078 0.126639 -0.0335017 0.161874
-7.79409 55.0831 -155.866 0.978046 0.127057 -0.0332729 0.161785
-7.64929 54.9495 -155.697 0.978049 0.127195 -0.0328944 0.161738
-7.35995 54.9731 -155.603 0.977991 0.127197 -0.0325618 0.162156
-7.09129 55.0776 -155.686 0.978078 0.126256 -0.0327146 0.162335
-6.82329 55.2273 -155.762 0.978029 0.125701 -0.0324444 0.163115
-6.49529 55.3807 -155.709 0.978283 0.124914 -0.0317121 0.162337
-6.47655 55.1665 -155.665 0.977947 0.125651 -0.0321158 0.163709
-6.56007 54.9651 -155.55 0.97812 0.125666 -0.0323175 0.162617
-6.50998 54.8439 -155.4 0.978145 0.125955 -0.0319265 0.16232
-6.56017 54.5158 -155.493 0.977855 0.126938 -0.0322576 0.16324
-6.5122 54.4382 -155.469 0.977841 0.12687 -0.0321962 0.163385
-6.45553 54.4882 -155.478 0.977956 0.126361 -0.0321468 0.163099
-6.45553 54.4882 -155.478 0.977956 0.126361 -0.0321468 0.163099
-6.41651 54.4362 -155.482 0.97788 0.126552 -0.0321999 0.163397
-6.37934 54.4143 -155.435 0.977897 0.12656 -0.0321954 0.163293
-6.29996 54.3905 -155.33 0.977843 0.12684 -0.0321327 0.163411
-6.1905 54.4338 -155.222 0.977857 0.126902 -0.0317724 0.163346
-6.12606 54.6957 -155.166 0.978262 0.125622 -0.0316026 0.161935
-6.1819 54.591 -155.264 0.978199 0.125904 -0.0317756 0.162065
-6.24554 54.4525 -155.385 0.978135 0.126154 -0.0319844 0.162216
-6.24547 54.4346 -155.443 0.978191 0.125877 -0.0320898 0.162075
-6.21948 54.5541 -155.59 0.977976 0.12549 -0.0319318 0.163693
-6.21948 54.5541 -155.59 0.977976 0.12549 -0.0319318 0.163693
-6.17094 54.7341 -155.678 0.978129 0.124825 -0.0318067 0.163316
-6.14523 54.921 -155.776 0.978152 0.124614 -0.0318861 0.163319
-6.17095 55.1574 -155.816 0.978269 0.124349 -0.0320174 0.162792
-6.08483 55.5131 -155.819 0.978428 0.124235 -0.0317385 0.161981
-6.06068 55.8414 -155.794 0.978492 0.124101 -0.0316158 0.161718
-6.31517 55.9815 -155.825 0.978375 0.124824 -0.0324645 0.161701
-6.53241 56.2358 -155.939 0.978337 0.125158 -0.0330902 0.161544
-6.65028 56.7851 -156.08 0.978514 0.124705 -0.0328404 0.160875
-6.77441 57.3494 -156.224 0.978577 0.124676 -0.0329557 0.160492
-6.91229 57.9647 -156.431 0.978797 0.124474 -0.0336861 0.159146
-7.00473 58.5334 -156.575 0.978855 0.12472 -0.0337179 0.158592
-7.18321 59.453 -156.758 0.97892 0.12486 -0.0341248 0.157992
-7.15914 59.8419 -156.733 0.978986 0.124656 -0.0336081 0.157853
-7.36137 59.8236 -156.705 0.978914 0.125307 -0.0337677 0.157753
-7.65857 59.7071 -156.748 0.978813 0.125823 -0.0344556 0.157816
-7.72577 59.7433 -156.663 0.978868 0.125624 -0.0340214 0.157728
-7.69626 59.8038 -156.556 0.979021 0.125394 -0.0336356 0.157042
-7.79423 59.6831 -156.561 0.978872 0.12609 -0.0339613 0.157343
-7.42785 59.1146 -156.724 0.978673 0.126215 -0.0342554 0.158416
-7.45767 59.1756 -156.728 0.978757 0.126063 -0.0342187 0.158024
-7.46388 59.0812 -156.701 0.978694 0.126446 -0.0341401 0.158129
-7.5815 58.7635 -156.717 0.978447 0.127613 -0.0344976 0.158637
-7.89627 58.3983 -156.495 0.978578 0.128291 -0.0351748 0.157126
-7.82558 58.2063 -156.385 0.978557 0.128464 -0.0347183 0.157218
-7.76638 57.9881 -156.266 0.97838 0.128968 -0.0344646 0.15796
-7.76933 57.7496 -156.237 0.978357 0.129041 -0.0342114 0.158098
-7.77849 57.4696 -156.235 0.978272 0.12947 -0.0343327 0.15825
-7.77849 57.4696 -156.235 0.978272 0.12947 -0.0343327 0.15825
-7.92129 57.1764 -156.277 0.97817 0.130166 -0.0347504 0.158217
-7.82856 57.0529 -156.269 0.978132 0.129975 -0.0344344 0.15868
-7.74511 56.9704 -156.209 0.97808 0.130642 -0.0340325 0.158539
-7.84143 56.766 -156.179 0.977959 0.131318 -0.034874 0.158545
-7.80484 56.9151 -156.156 0.978207 0.130093 -0.0343863 0.15813
-7.54666 56.9786 -156.186 0.97828 0.129675 -0.0338655 0.158136
-7.68964 56.8519 -156.193 0.978243 0.129859 -0.0342963 0.158117
-7.78195 56.81 -156.132 0.978311 0.129616 -0.0344126 0.157872
-7.69182 56.8862 -155.967 0.978373 0.129424 -0.034056 0.157724
-7.93544 57.2004 -155.474 0.978184 0.130117 -0.0336287 0.158413
-7.99171 57.1441 -155.059 0.97816 0.130555 -0.0331346 0.158306
-8.00381 57.1807 -154.698 0.978207 0.131009 -0.032597 0.157751
-8.14225 57.0991 -154.453 0.978001 0.131637 -0.0330688 0.158403
-8.2927 57.0328 -154.291 0.978011 0.131625 -0.0330701 0.158353
-8.27298 57.1332 -154.169 0.978157 0.131041 -0.0326279 0.158028
-8.19746 57.3275 -154.077 0.978307 0.130338 -0.0320494 0.157796
-8.25313 57.3693 -154.06 0.978318 0.130164 -0.0320942 0.157864
-8.32829 57.2913 -153.98 0.978477 0.129517 -0.0321288 0.157405
-8.03896 57.1393 -154.069 0.978611 0.129131 -0.0320943 0.156897
-8.03896 57.1393 -154.069 0.978611 0.129131 -0.0320943 0.156897
-8.1289 57.0039 -154.088 0.978492 0.12948 -0.032286 0.157312
-8.20751 56.8366 -154.106 0.978414 0.129707 -0.0323729 0.157591
-8.17918 56.7733 -154.095 0.978456 0.129457 -0.0321267 0.157588
-8.13981 56.7393 -154.071 0.97856 0.128961 -0.0319618 0.157381
-8.1192 56.5752 -154.06 0.978503 0.129054 -0.0318619 0.157678
-8.1184 56.4398 -154.052 0.978551 0.12874 -0.0318422 0.157638
-8.09114 56.4078 -154.045 0.978723 0.127932 -0.0319009 0.157219
-8.06344 56.2866 -154.09 0.978705 0.1278 -0.0319732 0.157423
-8.09074 56.0626 -154.154 0.978619 0.127934 -0.0321761 0.157803
-8.12 55.6071 -154.232 0.978407 0.128072 -0.0331186 0.158809
-8.08372 55.7413 -154.271 0.978555 0.127958 -0.0326117 0.158092
-7.98765 55.6207 -154.297 0.978421 0.128314 -0.0325214 0.15865
-7.87985 55.4752 -154.318 0.978249 0.12886 -0.0323505 0.159302
-7.86488 55.3457 -154.405 0.978091 0.12942 -0.0325974 0.159768
-7.89928 55.3078 -154.502 0.978028 0.129639 -0.0329436 0.159905
-7.84705 55.3913 -154.547 0.978093 0.129465 -0.0329625 0.159646
-8.02136 55.7622 -154.398 0.97836 0.128614 -0.03283 0.158723
-8.0099 55.7835 -154.428 0.978284 0.129019 -0.0329836 0.158831
-7.84114 55.6221 -154.46 0.97814 0.129662 -0.0330321 0.159183
-7.78883 55.7672 -154.335 0.978141 0.129737 -0.0326579 0.159192
-8.19031 56.5218 -153.989 0.978246 0.130143 -0.0319666 0.158355
-8.37927 56.559 -153.913 0.978206 0.130475 -0.032274 0.158269
-8.40353 56.8273 -153.926 0.97847 0.129504 -0.0318329 0.15752
-8.39905 57.0186 -153.939 0.978366 0.129559 -0.0318238 0.158118
-8.58572 57.0707 -154.054 0.978342 0.129567 -0.0326422 0.158098
-8.61712 57.2332 -154.086 0.978398 0.129412 -0.0327248 0.157857
-8.63802 57.4098 -154.012 0.978467 0.12958 -0.0322493 0.157388
-8.77188 57.4236 -153.882 0.978367 0.130074 -0.0325161 0.157547
-8.49541 56.839 -153.907 0.978259 0.130204 -0.0325365 0.158108
-8.97954 57.6698 -153.651 0.978567 0.129975 -0.031866 0.156518
-9.09277 57.9473 -153.586 0.978428 0.129994 -0.0316893 0.157402
-9.39196 57.9547 -153.82 0.978412 0.130215 -0.0324651 0.157164
-9.39196 57.9547 -153.82 0.978412 0.130215 -0.0324651 0.157164
-9.08101 57.4518 -153.903 0.978324 0.130413 -0.0325077 0.157536
-9.14053 57.6139 -153.912 0.978449 0.129988 -0.0324022 0.157137
-9.15248 57.7639 -153.875 0.978473 0.129945 -0.0321836 0.157061
-19.7096 190.374 -204.862 0.961951 0.0480673 -0.214612 0.162115
-20.8387 190.874 -203.94 0.962813 0.0532233 -0.208723 0.163073
-22.1513 192.225 -201.136 0.965348 0.060234 -0.194773 0.162906
-22.1513 192.225 -201.136 0.965348 0.060234 -0.194773 0.162906
-22.5663 193.239 -199.568 0.966939 0.0601707 -0.188231 0.161178
-22.845 194.034 -197.886 0.968185 0.0589831 -0.181736 0.161588
-23.0715 194.583 -196.138 0.969271 0.0587636 -0.175834 0.161689
-23.3918 194.918 -194.458 0.970322 0.0584429 -0.170241 0.161486
-23.3031 195.258 -192.676 0.970949 0.0586124 -0.165855 0.162221
-22.8451 195.619 -190.816 0.971528 0.0593622 -0.161695 0.162681
-22.805 195.414 -189.261 0.971777 0.0612914 -0.16031 0.161843
-23.0183 194.915 -188.016 0.97158 0.0638735 -0.15967 0.162659
-22.9798 194.629 -186.759 0.971776 0.0657875 -0.158527 0.161845
-22.7606 194.426 -185.826 0.971578 0.0667596 -0.157054 0.164055
-22.4682 194.6 -185.138 0.971506 0.0671035 -0.156268 0.165086
-22.387 194.698 -184.779 0.971482 0.0666547 -0.156125 0.165546
-22.6727 194.239 -184.758 0.970878 0.0668749 -0.157451 0.167728
-22.8794 193.857 -184.755 0.970476 0.0679276 -0.15898 0.168191
-22.64 193.752 -184.602 0.970321 0.0685361 -0.159127 0.168696
-22.322 193.767 -184.494 0.970187 0.0695381 -0.159275 0.168917
-22.0231 193.569 -184.295 0.969879 0.0716495 -0.159516 0.16958
-21.9764 193.338 -184.107 0.969727 0.0740941 -0.16061 0.168358
-22.0346 193.231 -183.943 0.96962 0.0763101 -0.161215 0.167402
-21.6741 193.433 -183.69 0.969608 0.0773793 -0.160314 0.167848
-21.3738 193.648 -183.5 0.969799 0.0777747 -0.159555 0.167285
-20.9791 193.717 -183.286 0.970159 0.0780491 -0.158421 0.166143
-20.459 193.823 -182.933 0.970823 0.0780441 -0.155983 0.164562
-19.9348 193.973 -182.555 0.971259 0.0777284 -0.153541 0.164439
-19.3595 194.103 -181.982 0.971682 0.0783352 -0.150966 0.164035
-19.152 193.663 -181.523 0.97277 0.0801089 -0.149002 0.158426
-19.563 191.847 -181.277 0.974324 0.0846727 -0.147222 0.147816
-20.0031 188.713 -181.095 0.975813 0.0931624 -0.145131 0.134339
-20.5883 185.143 -181.017 0.977336 0.101759 -0.141584 0.120058
-20.4133 182.591 -180.86 0.978591 0.108156 -0.135658 0.110716
-18.9712 181.68 -180.526 0.98057 0.110755 -0.125187 0.102681
-17.7352 180.676 -180.461 0.982425 0.112401 -0.115391 0.0942987
-15.9236 180.1 -180.298 0.984142 0.112227 -0.103772 0.0900066
-12.7922 180.83 -179.877 0.985995 0.108677 -0.0888237 0.0900754
-9.36768 181.824 -179.445 0.987266 0.105043 -0.0741413 0.0936747
-6.54731 182.493 -179.018 0.988337 0.102342 -0.0616615 0.0944073
-4.20484 182.924 -178.566 0.989025 0.102213 -0.0519786 0.0931682
-2.7088 182.581 -178.137 0.989845 0.101844 -0.0434595 0.0891362
-1.85229 181.806 -177.618 0.990513 0.101447 -0.0365848 0.0851695
-0.973483 180.972 -177.028 0.990838 0.101622 -0.0308013 0.0834586
-0.0840215 179.691 -176.331 0.990789 0.102387 -0.0252537 0.0849522
0.389967 178.347 -175.68 0.990577 0.103709 -0.0212741 0.086883
0.383561 176.631 -175.026 0.990352 0.104682 -0.0184893 0.0889002
0.298195 174.781 -174.395 0.990124 0.104793 -0.0163972 0.091673
0.320421 173.589 -173.814 0.990182 0.103787 -0.014089 0.0925691
0.348188 172.65 -173.275 0.990327 0.102678 -0.012223 0.0925295
0.557549 171.762 -172.695 0.990309 0.101671 -0.0116088 0.0939004
0.557312 171.007 -172.284 0.990535 0.0992941 -0.0103218 0.0942082
0.116127 170.006 -171.916 0.990721 0.0973822 -0.0101235 0.0942729
-0.338564 169.05 -171.481 0.990899 0.0962725 -0.0104689 0.093496
-0.338564 169.05 -171.481 0.990899 0.0962725 -0.0104689 0.093496
-0.31751 168.423 -170.804 0.991037 0.0945015 -0.00988317 0.0938981
-1.21374 166.241 -169.566 0.991011 0.0931014 -0.0100244 0.0955492
-1.63725 164.839 -168.745 0.990775 0.0943577 -0.0102573 0.0967321
-1.73889 163.77 -167.914 0.990752 0.0936468 -0.00921118 0.0977621
-2.28809 162.174 -167.248 0.990531 0.0946778 -0.00956261 0.0989606
-2.97494 159.985 -166.521 0.990018 0.0984283 -0.0112639 0.100245
-3.50174 157.738 -165.787 0.989491 0.102914 -0.0129739 0.100738
-3.90061 155.522 -165.033 0.989159 0.10607 -0.0134116 0.100668
-4.40808 152.988 -164.253 0.988572 0.110992 -0.014854 0.100921
-4.91635 150.251 -163.558 0.987648 0.117154 -0.01666 0.102704
-5.33239 147.586 -162.942 0.986877 0.122718 -0.0178473 0.103422
-5.65384 144.79 -162.361 0.986148 0.1285 -0.0190421 0.103134
-5.71412 142.282 -161.809 0.985137 0.135258 -0.0202423 0.103926
-5.4135 140.373 -161.191 0.984976 0.137185 -0.0174235 0.103439
-5.53919 138.138 -160.661 0.984612 0.140453 -0.0161292 0.102722
-6.74659 134.868 -160.532 0.983333 0.147876 -0.019738 0.10392
-8.0753 131.622 -160.458 0.981812 0.156017 -0.0234293 0.105617
-8.78749 129.206 -160.084 0.981147 0.159457 -0.0231515 0.106719
-9.1366 127.209 -159.527 0.980663 0.16189 -0.0216239 0.107819
-9.46186 125.199 -159.15 0.980074 0.164545 -0.0199759 0.109461
-10.1108 122.563 -158.493 0.979336 0.16856 -0.0193472 0.110065
-11.0454 119.655 -157.892 0.978221 0.174298 -0.0206069 0.110816
-11.5599 117.361 -157.018 0.977388 0.178162 -0.0197398 0.112167
-11.4586 115.966 -156.049 0.977202 0.178305 -0.0167045 0.114038
-11.1447 114.933 -155.077 0.977337 0.177191 -0.013306 0.11506
-10.8494 114.078 -154.159 0.977604 0.175428 -0.0100314 0.115825
-10.4999 113.775 -153.307 0.978197 0.17258 -0.006811 0.11533
-10.1443 113.854 -152.406 0.979151 0.168207 -0.00287772 0.113852
-10.021 113.743 -151.555 0.979889 0.164197 -2.95031e-05 0.113389
-10.4127 113.036 -150.781 0.980109 0.162228 0.00118059 0.114316
-11.2903 111.884 -150.101 0.97996 0.162032 0.000198259 0.115866
-12.2253 110.563 -149.349 0.97977 0.161693 -0.000159227 0.117925
-13.0727 109.118 -148.587 0.979564 0.161653 0.00011651 0.11968
-14.0381 107.457 -147.888 0.979219 0.162431 -0.000435392 0.121431
-14.9711 105.74 -147.13 0.97887 0.163372 -0.000726801 0.122976
-15.711 104.245 -146.405 0.978552 0.164237 -0.000787993 0.124346
-16.1149 103.111 -145.69 0.978511 0.163701 0.000550206 0.125369
-16.3316 102.286 -145.064 0.978474 0.162922 0.00209477 0.126651
-16.2811 101.772 -144.508 0.978676 0.160987 0.00456932 0.127496
-16.0781 101.352 -144.031 0.97884 0.158837 0.00719508 0.128808
-16.0781 101.352 -144.031 0.97884 0.158837 0.00719508 0.128808
-16.8806 99.4457 -143.822 0.978461 0.157402 0.00688401 0.133383
-17.8243 97.8699 -144.001 0.977991 0.158518 0.00435305 0.135596
-17.8243 97.8699 -144.001 0.977991 0.158518 0.00435305 0.135596
-18.4919 96.5462 -144.136 0.977737 0.158795 0.00371189 0.137118
-19.1376 94.7408 -144.394 0.977625 0.155483 0.00519046 0.141588
-19.5088 93.8423 -144.535 0.977379 0.153817 0.00546633 0.145054
-19.713 93.0863 -144.623 0.977163 0.15148 0.00684043 0.148862
-19.9211 92.3998 -144.726 0.97714 0.148706 0.00819541 0.151711
-20.227 91.8017 -144.834 0.977098 0.145885 0.00938259 0.154626
-20.6261 90.9985 -144.974 0.976887 0.143255 0.00985218 0.158347
-21.0962 89.9707 -145.132 0.976585 0.14156 0.0101149 0.161684
-21.4927 88.9463 -145.279 0.976211 0.140076 0.0106688 0.165156
-21.8917 88.0472 -145.484 0.975875 0.138485 0.0111032 0.168428
-22.1027 87.114 -145.665 0.975506 0.136562 0.0118144 0.172048
-22.2381 86.1654 -145.904 0.975193 0.134609 0.0129417 0.17525
-22.5353 85.0993 -146.251 0.974837 0.132898 0.0126591 0.178523
-22.8986 83.8946 -146.63 0.974281 0.131522 0.0124804 0.182543
-23.2004 82.6628 -146.965 0.974008 0.129964 0.0127382 0.185082
-23.7574 81.1839 -147.415 0.973676 0.128873 0.0117579 0.187639
-24.2965 79.5714 -147.748 0.973195 0.128564 0.0114332 0.190351
-24.8224 77.8939 -148.018 0.972678 0.128752 0.0105522 0.192895
-25.1651 76.3996 -148.174 0.972161 0.128639 0.0110289 0.195536
-25.4185 75.0482 -148.188 0.971752 0.128751 0.0117461 0.197443
-25.6567 73.7918 -148.158 0.971343 0.129083 0.0126295 0.199178
-25.9182 72.4413 -148.033 0.970882 0.129918 0.0130008 0.20085
-26.27 70.9972 -147.893 0.970335 0.131271 0.012787 0.202621
-26.3643 69.8928 -147.637 0.970037 0.131779 0.0135965 0.203661
-26.2199 69.1017 -147.317 0.969759 0.131878 0.014812 0.204833
-26.1772 68.2536 -146.946 0.969554 0.132098 0.015425 0.205619
-26.2612 67.2502 -146.607 0.969109 0.13273 0.015313 0.20731
-26.4387 66.2271 -146.277 0.968558 0.133209 0.0149884 0.20959
-26.6965 65.1895 -145.97 0.968074 0.133695 0.0143632 0.211549
-27.0627 64.216 -145.717 0.967703 0.134123 0.0140366 0.212989
-27.3802 63.2721 -145.46 0.967296 0.134396 0.0138462 0.214674
-27.7633 62.3624 -145.172 0.967022 0.135025 0.0132661 0.215551
-28.1399 61.5381 -144.939 0.966874 0.135564 0.013161 0.215879
-28.3443 60.8822 -144.69 0.96684 0.135718 0.0139784 0.215882
-28.5156 60.2836 -144.468 0.966731 0.136069 0.0139869 0.216149
-28.5553 59.7284 -144.323 0.966456 0.136234 0.0143093 0.217252
-28.4376 59.3418 -144.2 0.966461 0.136386 0.0154953 0.217052
-28.4615 58.8049 -144.193 0.966161 0.137111 0.0152264 0.217951
-28.6667 58.1613 -144.316 0.965944 0.137422 0.0142489 0.218778
-28.8091 57.758 -144.462 0.965787 0.137302 0.0136618 0.219586
-28.8464 57.7096 -144.669 0.965795 0.136506 0.0138669 0.220033
-28.9334 57.7089 -144.943 0.965762 0.135871 0.0135001 0.220592
-29.0789 57.6572 -145.186 0.965784 0.135777 0.0129491 0.220586
-29.1537 57.6784 -145.431 0.966 0.135607 0.0128405 0.219748
-29.3501 57.4647 -145.66 0.965892 0.136653 0.0116778 0.219642
-29.6011 57.1177 -145.781 0.96578 0.138081 0.0106886 0.219291
-29.6011 57.1177 -145.781 0.96578 0.138081 0.0106886 0.219291
-29.5689 57.1246 -145.776 0.965796 0.138448 0.010732 0.218988
-29.3545 57.3715 -145.681 0.965621 0.138815 0.0116458 0.219477
-29.2511 57.5229 -145.545 0.96567 0.139309 0.0120073 0.218928
-29.2922 57.52 -145.484 0.965594 0.13954 0.0119263 0.219125
-29.165 57.014 -145.639 0.965185 0.139689 0.0121532 0.22081
-29.2281 57.1003 -145.685 0.965317 0.13962 0.0118116 0.220295
-29.2857 57.1529 -145.748 0.965363 0.139817 0.011499 0.219987
-29.296 57.2249 -145.781 0.965408 0.139879 0.0112773 0.219758
-29.2659 57.3119 -145.777 0.965386 0.140044 0.0110701 0.21976
-29.2007 57.3951 -145.723 0.965291 0.140376 0.0110572 0.219969
-29.0673 57.6149 -145.638 0.965345 0.140167 0.0114505 0.219844
-28.5343 58.8176 -145.186 0.965301 0.140158 0.013036 0.219957
-28.386 59.0217 -145.112 0.96524 0.140077 0.0131951 0.220265
-28.3456 59.2049 -145.081 0.965324 0.13979 0.0130103 0.220088
-28.2752 59.3623 -145.053 0.965555 0.139575 0.0131267 0.219204
-28.183 59.5589 -145.001 0.965855 0.139248 0.0130781 0.218088
-28.1286 59.7559 -144.871 0.966117 0.139109 0.0131352 0.217014
-28.0851 59.8979 -144.623 0.966342 0.139522 0.0132049 0.215737
-28.1016 59.9538 -144.313 0.966503 0.140128 0.0132939 0.214615
-28.0877 59.9486 -143.995 0.96642 0.141012 0.0133851 0.214407
-28.0363 60.0231 -143.729 0.966392 0.141342 0.0131969 0.214323
-27.8682 60.2711 -143.507 0.966344 0.141098 0.0134029 0.214689
-27.5372 60.6418 -143.358 0.966249 0.140611 0.0139568 0.215399
-27.2648 60.9011 -143.28 0.966383 0.140011 0.0140842 0.21518
-27.1324 60.7751 -143.219 0.966264 0.140404 0.0133684 0.215503
-26.9137 60.5882 -143.173 0.966239 0.140503 0.0130017 0.215576
-26.9137 60.5882 -143.173 0.966239 0.140503 0.0130017 0.215576
-26.6193 60.5021 -143.161 0.966271 0.140571 0.0126459 0.21541
-26.3893 60.1773 -143.12 0.966011 0.141286 0.0112782 0.216181
-26.0371 59.7895 -142.992 0.965756 0.14206 0.0109283 0.216831
-25.623 59.5131 -142.85 0.965567 0.142441 0.0110184 0.217418
-25.352 59.219 -142.685 0.965456 0.142634 0.0111965 0.217773
-25.1995 58.6691 -142.496 0.965161 0.14349 0.0110178 0.218527
-25.1746 57.9867 -142.323 0.964881 0.144512 0.0106579 0.219108
-25.0596 57.4297 -142.164 0.964689 0.145334 0.0109185 0.219395
-24.6712 56.6977 -141.995 0.964428 0.145355 0.0107182 0.220534
-24.3234 56.5629 -141.993 0.964507 0.144389 0.0113491 0.22079
-24.0405 56.3091 -142.045 0.964361 0.144396 0.0112556 0.221429
-23.8742 55.8929 -142.165 0.964161 0.144377 0.0105189 0.222347
-23.7055 55.5879 -142.293 0.964117 0.143911 0.0104351 0.222844
-23.4707 55.3685 -142.378 0.964058 0.143494 0.0104866 0.223365
-23.4707 55.3685 -142.378 0.964058 0.143494 0.0104866 0.223365
-23.3258 55.1272 -142.503 0.963974 0.143456 0.0102513 0.223761
-23.3547 54.7974 -142.695 0.963803 0.143675 0.00913875 0.224406
-23.3889 54.6019 -142.925 0.963721 0.143633 0.00860224 0.224808
-23.3076 54.589 -143.12 0.963662 0.143508 0.00841764 0.225146
-23.2011 54.6105 -143.26 0.963627 0.143617 0.0084034 0.225226
-23.0949 54.5898 -143.324 0.963607 0.144047 0.00815686 0.225043
-22.9561 54.6732 -143.342 0.963621 0.144467 0.00787369 0.224725
-22.7961 54.8501 -143.362 0.963611 0.144701 0.00791335 0.224619
-22.6307 55.0425 -143.457 0.963613 0.144765 0.0080134 0.224564
-22.8157 54.5225 -143.477 0.963422 0.145007 0.00795682 0.225229
-22.5094 55.3791 -143.761 0.963446 0.144698 0.00727675 0.225345
-22.4418 55.6132 -143.947 0.963367 0.144068 0.00701325 0.226098
-22.5077 55.701 -144.116 0.963106 0.144098 0.00646449 0.227204
-22.7347 55.919 -144.328 0.963302 0.143683 0.00595581 0.226648
-22.8595 56.2285 -144.49 0.963218 0.143647 0.00551697 0.227038
-22.9416 56.6397 -144.592 0.963279 0.143616 0.00585488 0.226788
-23.0733 56.9584 -144.69 0.963077 0.14456 0.00513916 0.227065
-23.323 57.2925 -144.875 0.963253 0.144866 0.00431182 0.226138
-23.4564 57.8293 -145.125 0.963464 0.144435 0.00385784 0.225527
-23.5889 58.4463 -145.357 0.963721 0.143764 0.00373127 0.224855
-23.8236 58.979 -145.568 0.964086 0.142903 0.00318319 0.223847
-24.151 59.3227 -145.752 0.964356 0.14249 0.00230484 0.222954
-24.6239 59.4715 -145.907 0.964633 0.142387 0.00119542 0.221829
-25.1348 59.4509 -145.942 0.964669 0.142806 6.59977e-05 0.221407
-25.5201 59.483 -145.862 0.964697 0.143228 -0.000466043 0.221011
-25.6665 59.7599 -145.623 0.964821 0.143027 0.000159271 0.2206
-25.6049 60.0715 -145.292 0.964751 0.142952 0.00110735 0.220952
-25.6129 60.2309 -144.976 0.964645 0.142968 0.0016548 0.221397
-25.646 60.3367 -144.7 0.964616 0.142935 0.00209212 0.221545
-25.6534 60.3271 -144.459 0.964442 0.143503 0.00251797 0.221929
-25.6534 60.3271 -144.459 0.964442 0.143503 0.00251797 0.221929
-25.7196 60.1079 -144.263 0.964465 0.143801 0.00261252 0.221634
-25.8257 59.7469 -144.107 0.964409 0.14417 0.0025347 0.221638
-25.8212 58.9404 -143.788 0.964188 0.144912 0.00314976 0.222111
-25.7191 58.6417 -143.63 0.964104 0.144978 0.00376573 0.222423
-25.5155 58.5123 -143.474 0.964058 0.144715 0.00438167 0.222778
-25.4019 58.3911 -143.334 0.96387 0.144832 0.00468484 0.223508
-25.3065 58.224 -143.228 0.963572 0.144997 0.00461109 0.224687
-25.3054 58.1427 -143.21 0.963595 0.145275 0.0048211 0.224403
-25.3114 57.9391 -143.244 0.963353 0.146032 0.00452665 0.224958
-25.4356 57.7851 -143.332 0.963558 0.146359 0.00441517 0.223866
-25.5725 57.5969 -143.444 0.963625 0.146897 0.00391665 0.223233
-25.4364 57.3582 -143.584 0.963201 0.1475 0.00387067 0.22466
-25.7099 57.4055 -143.583 0.963639 0.147848 0.00324534 0.222554
-25.5699 57.6561 -143.546 0.963661 0.147463 0.00396831 0.222704
-25.3645 57.9159 -143.429 0.963498 0.147281 0.00453505 0.223514
-25.3507 57.9829 -143.303 0.963444 0.147445 0.00454076 0.223641
-25.531 57.9508 -143.265 0.963407 0.147533 0.00404664 0.223755
-25.6916 58.0952 -143.225 0.963421 0.147161 0.00396546 0.22394
-25.8138 58.256 -143.121 0.963337 0.147513 0.00412028 0.224065
-25.942 58.3454 -143.003 0.963358 0.147649 0.00411431 0.223886
-25.942 58.3454 -143.003 0.963358 0.147649 0.00411431 0.223886
-26.0518 58.544 -142.888 0.96341 0.147811 0.00422532 0.22355
-26.1016 58.6665 -142.673 0.963474 0.148257 0.00432777 0.222979
-26.1794 58.7812 -142.509 0.963527 0.148801 0.00434742 0.222384
-26.1833 58.9623 -142.374 0.963491 0.149013 0.00449077 0.222395
-26.2 59.1074 -142.275 0.963559 0.149035 0.0047995 0.222078
-26.3647 59.0838 -142.238 0.963524 0.149108 0.00424115 0.222193
-26.3518 59.1344 -142.241 0.963578 0.148436 0.00424287 0.22241
-26.2942 59.1901 -142.206 0.963584 0.148355 0.00469561 0.222426
-26.4277 58.9681 -142.173 0.963362 0.148908 0.00427178 0.223029
-26.5344 58.7924 -142.172 0.963247 0.148987 0.00416093 0.223476
-26.3252 58.6623 -142.285 0.963531 0.148483 0.00450869 0.222576
-26.4239 58.6073 -142.283 0.963473 0.148686 0.00438196 0.222695
-26.523 58.5353 -142.309 0.96349 0.148625 0.00444965 0.222662
-26.6314 58.447 -142.376 0.963411 0.148863 0.00433243 0.222844
-26.7219 58.3075 -142.395 0.963324 0.149135 0.00415944 0.223045
-26.782 58.1986 -142.424 0.963283 0.14927 0.00412782 0.223132
-26.8396 58.0001 -142.453 0.963105 0.149914 0.00394096 0.223472
-26.9258 57.7647 -142.509 0.962973 0.150425 0.00368923 0.223699
-27.2301 57.4421 -142.558 0.96305 0.150773 0.00300385 0.223147
-27.4431 57.0049 -142.722 0.962997 0.151473 0.0023489 0.222905
-27.7878 56.417 -142.886 0.962788 0.152159 0.00116477 0.223351
-27.9609 56.0729 -142.969 0.962706 0.152424 0.00125209 0.223521
-28.0376 55.9756 -143.031 0.962912 0.152156 0.00176891 0.222814
-28.2293 55.8277 -143.12 0.962756 0.152263 0.00118906 0.223418
-28.3439 55.8557 -143.149 0.962754 0.152218 0.000764014 0.22346
-28.3804 56.0944 -143.149 0.962908 0.151953 0.00059571 0.222975
-28.3783 56.3713 -142.972 0.962836 0.151894 0.000583721 0.223325
-28.32 56.8427 -142.694 0.963084 0.151048 0.00136749 0.222825
-28.3403 57.1639 -142.31 0.963039 0.151606 0.00185721 0.222639
-28.5765 57.2538 -141.882 0.963147 0.152077 0.0017552 0.221849
-28.6767 57.5221 -141.513 0.963262 0.151874 0.00242807 0.221483
-28.7943 57.758 -141.147 0.96329 0.152321 0.0027596 0.22105
-28.9355 57.9123 -140.889 0.963375 0.152392 0.0028001 0.22063
-29.0123 58.1514 -140.722 0.963387 0.152088 0.00299851 0.220785
-29.1368 58.2406 -140.532 0.963342 0.152789 0.00302993 0.220495
-29.3243 58.2026 -140.42 0.963492 0.15308 0.00268367 0.219642
-29.3243 58.2026 -140.42 0.963492 0.15308 0.00268367 0.219642
-29.4523 58.2278 -140.394 0.963421 0.153836 0.00265747 0.219426
-29.4751 58.227 -140.43 0.963119 0.154569 0.00252554 0.220233
-29.5237 58.3877 -140.583 0.963137 0.154435 0.00249448 0.220251
-29.539 58.672 -140.805 0.963213 0.154203 0.00273029 0.220081
-29.6512 58.7322 -141.019 0.963212 0.154641 0.00218365 0.21978
-29.8373 58.697 -141.184 0.963169 0.155494 0.00141884 0.219377
-29.8896 58.7683 -141.235 0.963155 0.155964 0.00101358 0.219104
-29.74 59.06 -141.208 0.963273 0.155604 0.00112488 0.21884
-29.5876 59.2889 -141.117 0.963215 0.155641 0.00127858 0.219071
-29.5363 59.3976 -141.005 0.963403 0.155059 0.00127462 0.218655
-29.6908 59.2392 -140.606 0.9632 0.155535 0.00124383 0.219212
-29.7881 59.0833 -140.353 0.963092 0.15589 0.00161576 0.219433
-29.9254 58.9573 -140.18 0.962984 0.156484 0.00204149 0.219476
-30.0957 58.7474 -140.12 0.962626 0.157787 0.00187285 0.220115
-30.3163 58.5724 -140.247 0.96255 0.158999 0.00125438 0.219583
-30.3952 58.4499 -140.55 0.962344 0.160061 0.000302806 0.219714
-30.3449 58.6486 -140.984 0.962571 0.159948 -2.71453e-05 0.218801
-30.1362 58.9268 -141.443 0.962578 0.159733 -0.00078797 0.218927
-29.9328 59.1175 -141.86 0.962869 0.159017 -0.00115408 0.218169
-29.8475 59.0458 -142.234 0.962662 0.159075 -0.00198475 0.219028
-29.8062 58.9437 -142.493 0.962699 0.158668 -0.00219929 0.21916
-29.728 58.7761 -142.674 0.962541 0.158685 -0.00215226 0.219842
-29.8494 58.3212 -142.778 0.962312 0.159693 -0.00250422 0.22011
-30.038 57.8495 -142.888 0.962226 0.15981 -0.00313882 0.220391
-30.038 57.8495 -142.888 0.962226 0.15981 -0.00313882 0.220391
-30.1082 57.8037 -143.115 0.962314 0.158255 -0.00282319 0.221131
-30.192 57.8863 -143.336 0.962398 0.157168 -0.00294104 0.221539
-30.4147 57.7891 -143.574 0.962325 0.156607 -0.00434011 0.222229
-30.5064 57.823 -143.659 0.962486 0.155817 -0.00479085 0.22208
-30.2298 57.9999 -143.421 0.962573 0.155997 -0.00359781 0.221602
-30.032 58.0122 -143.027 0.962291 0.157203 -0.00306003 0.221979
-29.9112 57.9464 -142.585 0.962162 0.158266 -0.00236629 0.221789
-29.8581 57.868 -142.195 0.961967 0.159757 -0.00183114 0.221573
-29.8666 57.6951 -141.805 0.961798 0.161045 -0.00199022 0.22137
-29.7011 57.7648 -141.532 0.961728 0.161291 -0.00128796 0.2215
-29.4091 57.9376 -141.311 0.961648 0.161532 -0.00061353 0.221676
-29.3034 57.9 -141.234 0.961542 0.161527 -0.000500273 0.222138
-29.2961 57.7735 -141.204 0.961356 0.161894 -0.00097939 0.222675
-28.9856 57.9828 -141.212 0.961501 0.160934 0.000268684 0.222748
-29.0294 57.7659 -141.27 0.961378 0.161298 -0.000248935 0.223016
-29.0294 57.7659 -141.27 0.961378 0.161298 -0.000248935 0.223016
-29.0275 57.6338 -141.256 0.961513 0.161349 -5.24158e-05 0.222396
-28.8873 57.4187 -141.278 0.961278 0.161834 -5.32074e-05 0.223058
-28.8843 57.2259 -141.205 0.961076 0.162417 3.42252e-05 0.223502
-28.908 57.2194 -141.128 0.961243 0.161892 4.95389e-05 0.223166
-28.8823 57.2802 -141.043 0.961346 0.161519 0.000199423 0.222993
-28.8433 57.2435 -140.959 0.961233 0.161741 0.000427471 0.223319
-29.0483 57.3312 -140.629 0.961184 0.162106 0.000474078 0.223263
-28.9785 57.4168 -140.608 0.961275 0.161861 0.000465386 0.223049
-28.756 57.2916 -140.788 0.961321 0.161486 0.000580776 0.223124
-28.7456 57.369 -140.818 0.961416 0.161228 0.00045371 0.2229
-28.7692 57.3494 -140.893 0.961424 0.161198 0.00032237 0.222891
-28.7614 57.4116 -140.961 0.96162 0.160579 0.000297327 0.222489
-28.7299 57.3326 -141.073 0.961477 0.160956 0.000250882 0.222835
-28.6756 57.3023 -141.374 0.961404 0.16063 -0.000460123 0.223385
-28.6587 57.1676 -141.443 0.961439 0.160427 -0.000556973 0.223379
-28.5595 57.0332 -141.452 0.961479 0.160151 -0.000379261 0.223407
-28.4317 56.9552 -141.47 0.961435 0.159782 -0.000334811 0.223861
-28.3021 57.0445 -141.468 0.961779 0.158667 -9.73186e-05 0.223174
-28.0855 57.0454 -141.318 0.961957 0.15784 0.000435323 0.222995
-28.0845 56.8618 -141.126 0.961871 0.157896 0.000310596 0.223324
