#x,y,z,radius of flat insertion region
175 130 160 7.5
200 185 140 7.5
265 175 120 7.5
175 150 170 7.5
275 120 150 7.5
175 110 140 7.5
200 160 165 7.5
260 170 125 7.5
175 165 140 7.5
240 125 160 7.5
260.0 130.0 150.5 15.0
265.0 140.0 150.5 15.0
190.0 130.0 150.5 15.0
260.0 150.0 150.5 15.0
270.0 170.0 150.5 15.0
190.0 150.0 150.5 15.0
200.0 125.0 150.5 15.0
180.0 150.0 150.5 15.0
190.0 180.0 150.5 15.0
200.0 175.0 150.5 15.0
265.0 150.0 150.5 15.0
270.0 125.0 150.5 15.0
260.0 160.0 150.5 15.0
250.0 165.0 150.5 15.0
200.0 150.0 150.5 15.0