#x,y,z,height,radius, rotation around X (LR), rotation around Z (IS)
130 130 160 100.0 1.0 30.0 -24
200 260 140 100.0 1.0 -20.0 60
280 200 70 100.0 1.0 40.0 -68
130 260 70 100.0 1.0 0 0
300 100 60 100.0 1.0 25 -10
130 130 160 100.0 1.0 -90.0 -90
200 260 140 100.0 1.0 -50 50
280 200 70 100.0 1.0 10 -80
130 260 70 100.0 1.0 50 -20
300 100 60 100.0 1.0 25 -10
260.0 130.0 150.0 100.0 1.0 -60.0 -68
280.0 110.0 150.0 100.0 1.0 30.0 -24
150.0 130.0 150.0 100.0 1.0 -20.0 60
260.0 150.0 150.0 100.0 1.0 40.0 -68
300.0 200.0 150.0 100.0 1.0 0 0
150.0 150.0 150.0 100.0 1.0 25 -10
200.0 100.0 150.0 100.0 1.0 -50 50
100.0 200.0 150.0 100.0 1.0 10 -80
150.0 180.0 150.0 100.0 1.0 50 -20
100.0 260.0 150.0 100.0 1.0 25 -10
120.0 50.0 150.0 100.0 1.0 -60.0 -68
320.0 80.0 150.0 100.0 1.0 30.0 -24
280.0 160.0 150.0 100.0 1.0 -20.0 60
250.0 250.0 150.0 100.0 1.0 40.0 -68
200.0 150.0 150.0 100.0 1.0 25 -10