1.1596958637237549
1.5354835987091064
2.0145065784454346
2.5265309810638428
2.9360368251800537
4.676050424575806
5.186363697052002
6.365516662597656
7.200004816055298
7.7205164432525635
8.182533740997314
9.150505781173706
9.621503829956055
10.082273721694946
10.512020587921143
12.985011100769043
13.519576072692871
14.186030387878418
14.851386547088623
15.762008666992188
16.300623893737793
17.032504320144653
17.631006956100464
19.00188684463501
20.734594106674194
21.41945171356201
22.013028383255005
22.576613187789917
23.57223081588745
24.652841806411743
